2 2000 2
-303050836.118437 -31297817.130694  
-122638513.731995 524943991.467812  
-307457202.828818 -199721996.279256  
-125789239.816631 801478687.016480  
480070916.901431 442000411.811740  
139690077.585466 233327598.930101  
197487333.263254 -357974552.343945  
-630805543.814724 -82726645.819620  
177145573.763558 -3458266.176780  
918249356.280052 520816411.773952  
115551693.631021 1764375448.759420  
611031865.292508 -289519283.928359  
-152972891.211549 68483770.087940  
-49381533.709645 -783204041.409744  
294332381.990997 -1787541719.255350  
-125158724.731499 223858889.337275  
2113727.777054 905252256.289396  
-562730862.440917 1509119069.399160  
69365631.407445 1132399271.676340  
-853228837.358906 243445746.955419  
-167973972.529004 618161167.063209  
-17801111.558488 473065352.551994  
-211498141.962517 -275251863.491533  
-1621418260.470960 -662793953.117369  
51194609.353855 -325786765.065892  
207288420.641017 -700144960.055313  
-22299673.003337 -933953791.822997  
-1047000875.615480 596875284.526483  
-300158818.119112 203281558.134696  
794275221.294853 -862782937.328342  
336490657.068588 89002676.056629  
-424005521.614599 379961035.187125  
1084659002.414040 1278428428.340970  
379177836.285461 -682134951.946301  
-525962804.701320 623786073.736411  
-907769487.006194 638774327.418624  
-798550594.034253 -1983622144.120590  
90267232.581590 1139766172.260400  
-98221997.981283 538019227.464551  
1802749466.727380 -849128283.111215  
-174984373.107332 836038453.449452  
112945800.230421 47423091.332038  
-1360109470.673190 -41335293.372081  
198419678.607688 14866322.947542  
847836722.317442 -48027636.894584  
-857243286.833746 -52594008.658858  
824922784.329864 -1331179614.527030  
1184671999.650100 -563413606.188176  
-509022300.589362 -1145987816.625740  
1525616356.632690 426203507.107842  
180933311.836036 616904763.319826  
2314290.102486 -64161572.261417  
100658927.489297 591121249.828413  
278802123.030580 869413786.696633  
-332128240.723648 292402158.982068  
1126057868.841390 -1033131199.522040  
766984007.391963 -56382949.536572  
31574127.092076 396748519.093082  
34377626.718118 -653787987.868105  
-533267149.012700 -45592274.786665  
-637258353.196898 511704806.466548  
-292191937.700163 662214184.358151  
79933372.312443 -248445348.879270  
104320215.702273 -699479417.612496  
359372897.220539 78041074.717931  
-165613300.142484 -177307720.848463  
-1628527273.877770 -62530934.327539  
308321830.153123 -310917521.430411  
1238570539.651910 -544925713.297703  
-67691286.667971 -89011817.961624  
119503939.335310 1125669698.975920  
801172284.052003 -483528273.540992  
436688045.606762 -124112135.879249  
-148839281.791348 -854875602.099795  
2205936.496413 -1024083169.748720  
-607904260.973808 -521895349.686452  
65880756.017234 236396034.020535  
99933793.791465 -148357992.240239  
135625116.697655 171158869.583714  
-818696901.686073 1803911822.028590  
-1098339026.875180 420300286.721669  
1183325385.137720 256294762.076904  
-146347264.912660 290430274.735879  
32597346.242527 -1279981758.202160  
374787572.836806 -146548375.485808  
817654263.619980 -296994493.745894  
-1257847287.168160 1515844793.610150  
143317841.059004 1321373114.331090  
163201803.293135 -777097189.166408  
469815892.273456 74286514.991067  
582637234.120358 -876019433.455957  
1612799774.590030 -121836110.649628  
51922610.502743 -271188523.481263  
-158318837.980032 -1253920445.628510  
-82137071.728190 -1046806465.379270  
-727719159.163233 -601767081.712716  
-563067375.690063 199866273.519274  
717543949.937820 83898909.408975  
-190893320.231416 122811146.318720  
-1013360486.996770 1378325912.298680  
203124496.609549 -743833651.384778  
-325715069.315916 -586484878.960453  
430269317.527069 512356234.774671  
-848586935.000419 312905564.525449  
127781876.861165 311883862.811181  
-399297364.630300 677883602.351226  
-351014515.961986 816831856.821901  
488906267.866689 -777912858.066823  
-181734061.668873 491932431.831350  
-16031654.191226 745803350.884413  
489766933.914658 342425209.804607  
-493877138.022583 456979375.184882  
44237121.896155 1478392580.595870  
-614575900.767705 53574648.860919  
429593626.662792 -468849684.739990  
1266170008.765570 -140580492.663281  
-190931936.740531 275969001.731066  
-73159720.519277 506688852.048505  
173269066.947098 119503765.034276  
623628679.031622 515382622.609413  
-1078771061.244970 1185772671.712200  
-201101234.050661 -239073675.722769  
1438570584.945990 324660493.444382  
981448864.001621 1194971892.519290  
610435677.161931 1432825028.267900  
-1816187135.380420 520603329.244313  
-91680731.794800 59084201.231411  
76124031.014457 495253333.265913  
-10696391.987398 -372654896.690555  
155913529.016846 199665722.532678  
-284353098.947485 554744576.751245  
276641541.811132 293079517.922350  
-1114165967.951100 477245759.846230  
962214479.915945 -231122936.993540  
-134252598.585663 369889049.440800  
-509990602.728327 5825183.621108  
313754830.269821 304102972.423836  
546738054.698693 -623367389.388049  
-642783132.046556 628295615.663093  
708116610.013014 -382949712.252238  
-372428672.298443 956689.902046  
19629295.803163 945905831.272640  
149127091.020928 1292713372.754010  
232874931.412444 -420370001.838171  
353065580.796613 75992345.969877  
-1336357014.655410 805460223.716735  
-708963382.828101 -659685113.195222  
-207007379.030206 209611264.500086  
650338256.212874 -362692199.495974  
1578911847.227090 -261238403.508910  
-1055081821.424350 397111060.363644  
401027005.575784 -530299908.173740  
280202601.848817 -1614634666.675670  
69791152.735054 126761114.994971  
-120266482.259487 -428161594.395124  
16862311.749760 754870325.725507  
328199369.484931 -829293566.700272  
816579654.249429 224957523.172400  
1096200598.083760 367538104.954613  
15578357.256918 -444677311.492252  
314376841.941086 421034471.778349  
-55998987.180399 -1037033464.257970  
-415133743.152995 -244283269.424113  
714600259.895915 -59888452.702980  
-71979399.719717 1363476205.877100  
29472106.310109 -31621090.952124  
675703069.278915 619777228.151850  
-688911496.831109 350664530.468094  
-657149765.176643 -1046104766.871770  
-525844440.512251 -1323698002.082260  
-1486720458.398380 -1243331294.422710  
69731938.814914 452222571.639881  
49050322.543025 1888042378.116370  
-112617426.396472 -20932157.453803  
104998633.266355 -454786634.244890  
272855716.246552 -22590305.154673  
1616922483.436110 1431554943.952230  
381696637.484834 -1131909104.520730  
-495511658.239840 -134386285.617466  
-26571777.315798 -404086959.882957  
-32453712.972137 389040400.026115  
1617298233.397100 612415989.959775  
269814276.622514 -1126903007.558090  
-395335555.892069 -534934238.523166  
294189440.229080 720651403.698637  
-1028751146.041160 -475478138.710453  
-1358798532.910400 150927254.944837  
-1058207994.228510 817426019.127720  
1010173.023086 -149814200.455465  
176668958.069393 125645813.552820  
-10479682.221971 -71433804.340817  
1068491568.094900 95983690.795928  
853290240.228597 -174911334.118634  
69367197.489775 727410767.444692  
-472141121.791607 29609388.508740  
-1661640289.502660 -450610441.628467  
1766737663.433770 122470337.454308  
-68575241.992229 569164009.205379  
13941097.416818 -478311388.697532  
-492812005.972110 -258159266.096376  
527508257.995329 638857895.854250  
858767450.263023 -1381156463.863410  
201631212.148839 20206483.797937  
1567213319.259710 614004472.406698  
1106285468.902970 60693385.587427  
293094301.748926 -447479199.826398  
285955012.207400 1882054074.640900  
-419009825.093017 -1319651199.621240  
-6660809.677349 -14597941.744516  
100946657.549860 -130480357.190930  
235100993.651789 202224469.231343  
-53740054.622930 -857593068.750799  
-1197707754.267740 375745298.677740  
-1598599637.574190 -899688442.056900  
1170143166.539520 -653445157.025706  
-15071890.594011 474180154.426728  
224989030.891212 440153741.277007  
-238046476.126766 -585221938.751387  
-68957175.617808 -63641313.010468  
692257694.340474 933161962.726564  
-1768906922.724900 -455654141.036092  
-14185344.435592 -692059941.422082  
-101185823.542837 995619917.513289  
-983441774.761766 177638277.432041  
-41893763.777061 -977056013.949177  
10179548.580783 -73962688.175374  
949098405.218414 -24659541.916922  
-384306588.533587 -117426660.984991  
907783693.524347 -33182931.967487  
1471038354.630330 -521651467.739816  
-714887778.569157 405383943.094330  
-1179034711.731880 -323210979.441526  
-639847682.786864 -1159656879.948210  
-712163905.117541 64677852.251364  
340629817.297157 402062945.444812  
-165998515.908142 107154825.899233  
-358137714.434325 -735638396.801048  
-498995603.587666 -1618898376.982660  
-17904883.003958 -731374369.861550  
233782.560264 -2004443758.988980  
666492965.083656 -24011651.737332  
-1213388395.364860 -157111542.902380  
-6486879.037911 -585919745.437384  
958499256.441916 -924663908.696807  
70997586.314877 -2475718.235640  
-109220427.284235 48922627.261077  
-214301993.759127 76080359.568214  
-984803358.679217 388367644.511328  
654180604.273984 -114772536.020054  
-294460380.179166 20121431.227564  
-1744556163.868840 -233162360.628703  
-887861266.988772 320745105.070572  
-1892927666.696100 62135105.103781  
949607471.786759 260132686.126021  
-1146620017.420030 -86401658.246311  
5527473.191097 -673032371.853156  
805098086.824555 -1169741210.169790  
-533699220.245096 393031237.851144  
338731426.085453 680724385.078205  
-1204184908.493940 -482175426.463967  
-11104785.764439 -640258063.642621  
-411979429.537947 -9406872.114050  
-587148802.332648 1441096007.303170  
253800604.293378 -894996723.794286  
236806017.309287 646898230.891854  
-232125993.308427 169730224.641072  
83191533.458746 369397371.151834  
-199810109.751477 698043549.124711  
-522996565.428204 1366241128.132700  
-896663889.083119 707438226.003381  
-1629992033.480810 105604605.894984  
1382942049.692790 -175301380.708499  
674430505.751208 316247465.195606  
-280632255.175767 -715419748.898976  
-13699925.432432 -314251967.827377  
1564518504.898890 -145808440.158871  
-168054086.215360 -148318032.742740  
1244926153.481130 593566056.462930  
400483531.399882 307989235.458650  
-409376597.979440 713367.428162  
28846777.031607 -184893493.311944  
-1571852462.838750 -782567613.747365  
911240175.863770 256327106.587866  
1089213034.384340 -824473717.604209  
264140433.319221 -1081179871.010940  
133298713.629818 -225014185.111185  
732638605.666222 319676315.141583  
285431873.811598 60017010.130973  
1027805663.525030 496182324.315390  
156695846.758290 -200545825.081569  
305297021.823461 -53573651.530924  
362656760.546252 -1507750032.565380  
175177184.109284 434896141.159408  
-272380558.151205 -1465658783.273010  
-26551580.318843 1600550976.887310  
-403695660.211746 -253452465.679221  
-596911891.976737 -192460741.196499  
-1111616016.479440 -91532461.068365  
-363949852.159447 893352705.633640  
-697467684.147020 1146948164.924200  
1175952877.527420 584661139.854421  
939371893.701796 -397920025.086950  
189589601.896173 -380183046.143542  
-205726513.257530 5776931.391002  
-732469783.425187 100821415.001101  
-105219487.977509 -313172879.075767  
-168383033.643256 -1356050361.556090  
-844006940.350201 384220965.193784  
727728805.252092 -864580448.654182  
356839680.648577 -453432267.799141  
-211643457.299096 386372103.925579  
-369793135.874030 317292137.507406  
-843212977.024308 -264510602.630020  
-976006685.892813 376413245.080654  
-703332975.859899 16499360.573489  
627539919.351748 865265705.005915  
94305888.490625 1474102827.506500  
70242191.422584 67775656.020392  
619844371.975330 -768100826.670218  
-1427558079.420190 -1930017240.926010  
26745447.817250 859673569.648173  
-106158431.556080 23563542.194132  
-1195488963.980560 356217438.755530  
-1166396029.343570 -528711726.233879  
129973394.996767 515142804.833638  
-266848709.178358 -172482904.638143  
-428562696.286536 619249638.993119  
619752900.732381 -250932117.947603  
787227821.159076 -26769079.345739  
1167900420.224990 264144743.569326  
-520660564.738409 -407009124.405132  
-755267010.746356 -251718262.167803  
718223517.598257 -223420536.760072  
-185119187.052604 47300739.957331  
387437824.621299 -726509702.780642  
-1145214783.420550 -648515377.434992  
-867358349.166258 -67642439.718774  
-265590381.790716 905283261.824342  
380366883.533395 -1142676615.244340  
9035669.870830 565174421.136192  
-477692403.686014 1311562134.106200  
84497551.631790 1155593264.786850  
467489031.778629 -580193137.315878  
1198614494.769830 -792355.941426  
-795950622.314650 -1133657897.356420  
923109887.716493 -370264173.809827  
774068331.689211 416368630.168388  
388542778.094252 -33195135.074611  
-374261308.551522 -752681086.224362  
-1231041013.099920 704134949.394171  
-83920093.444641 -305447821.703345  
-245461114.445601 425172463.729548  
-1064665736.503090 573966170.779173  
15708634.857972 -516352058.812790  
7905799.008779 -482722808.742334  
23829408.044971 -1670401185.797540  
86814843.161686 708901173.172771  
1196909564.318720 -1718030531.609740  
1627801157.151600 503219897.191247  
433993501.499307 335036102.839505  
408638640.333536 -117813093.659886  
-67660352.261895 532723295.703497  
-295420317.867858 55328018.772216  
623397728.968129 1249221429.262230  
242205199.324946 -169512224.262314  
-80714450.129256 -329179134.523241  
41923824.767777 -450951172.196371  
-163641608.750788 -59154507.702153  
401245778.492287 72138424.197420  
59533959.706181 1412193861.619990  
-624555980.721784 159229027.694319  
-191341863.037712 98752570.747096  
2646823.203988 -1884335067.174410  
-1084557172.884030 -553029238.140525  
-1643969498.903230 243449864.471887  
235934447.255151 803987516.233166  
427274649.658656 17677720.722143  
592514057.331465 26362421.799939  
1096913776.960240 297954829.552663  
556536541.226458 -746126238.123719  
-604932503.433843 -469382026.272044  
-515006649.438129 -563672266.216754  
1175841748.158500 -1765488807.457700  
206431175.620376 -17028918.235923  
620642859.290549 -2032998598.219990  
-1421378982.853630 86143985.174786  
-1544087530.805870 133390684.271749  
81847133.332977 490647640.070991  
-839918164.430417 -24509440.677704  
1003322453.796480 323050396.934674  
48361242.354942 21255406.594645  
-611670500.846812 -1397103333.897330  
77289426.288694 334374512.318749  
-194410690.283856 -123985275.913361  
-56787998.426876 47770468.831547  
-384229923.918344 -301809519.195928  
-639573359.350345 660380580.640566  
222961093.288629 -1072617786.527570  
-8868329.988602 -276416620.245707  
-549321821.029726 284792469.891511  
-137778735.203969 -1083425273.059580  
-703282066.885761 -315671063.628433  
-1530150764.926850 -620011478.226870  
295150859.513885 746505603.620350  
1670598843.829190 328471354.588447  
-1292121272.297450 1273378674.047930  
-492499067.360154 741561830.488036  
407192989.569479 130719574.511923  
-540625456.304692 -179558340.738871  
-1053669405.741030 79943192.996058  
-694484312.574216 288248347.663416  
-12742844.258479 206468588.081658  
-11746534.431209 -108008686.734872  
139423895.179518 561613959.946019  
-148987737.811695 -1713131931.049280  
-475864940.560334 113481956.101864  
745940268.327707 -188658261.187388  
-853733151.754915 -44196666.007793  
-253514083.088049 -936206982.383980  
-39182555.299547 261479504.353986  
-404430521.281640 1088361252.516170  
51913590.772830 1265310953.003230  
-465106534.951012 1658775930.966430  
-1066534479.614310 762937051.335450  
296023145.618108 83130492.462798  
598648766.991603 -95376455.185790  
319407085.085890 -1425213478.747760  
-896574016.817332 1705120848.568290  
1682506332.058370 14454364.122261  
642107917.593763 1881241762.030640  
-131075559.595037 -36558517.047559  
634702484.039036 887545941.217700  
245037334.541174 393036777.838457  
89758767.484459 239820945.123805  
439167042.360549 353578911.896928  
-399446178.437849 1740872548.296160  
-935116011.384653 -1936845827.108810  
69272753.673191 376743274.503563  
1303198955.608270 31670540.264650  
50395098.455987 -86166872.717418  
-85810753.372768 -269950480.833968  
576789330.695127 1793088033.669640  
296342746.430548 245029774.819841  
164306247.767980 -783850323.557428  
-1482510354.455600 63301278.086262  
-106967620.225086 -795708019.481931  
967519613.250794 883935294.254615  
-963298226.634873 254951957.247613  
885734296.902474 1438259215.643780  
91597120.016930 1186562409.263370  
-346201342.650725 -1194279816.270710  
1119816982.241640 1160944712.568910  
307616196.746874 -1285052182.676900  
104247985.715737 -394062198.885961  
774841765.861063 -848820024.765495  
-1172065821.445430 4855406.291648  
104977913.875052 289946161.921588  
636052866.809893 -641032797.884241  
-671081753.747414 -1818974801.788870  
-1811188700.822220 28688277.575085  
223200220.810131 218307065.600889  
-1019009943.227780 -364941551.896441  
845658759.250818 -562235360.779283  
-27454626.379056 -390948303.704105  
-957773988.945250 888739985.159142  
157259623.939554 1364726639.505530  
-483826076.715258 -635330797.342222  
-1150525759.729260 457294599.025025  
-465030321.051323 -25837528.857041  
246714309.047740 647910768.449895  
977637787.292737 -214072967.004964  
1084669395.558650 610881755.572442  
224595680.444979 -160921024.201857  
1115937071.512750 3287732.851103  
1275792142.200160 214537076.687620  
-6485772.249303 -1561589100.901340  
1745389342.935780 -88351192.070609  
-305621452.355742 298972614.246941  
-161558075.738140 838777889.767094  
-831802662.050291 64569411.637257  
18414521.750776 -483655635.617876  
879110153.373073 1057340253.900990  
-1158295594.005410 434173635.688007  
-9801467.629227 547693978.494629  
842393438.725352 -614804540.001292  
177895408.656676 406954664.938156  
34173495.719495 332827521.243944  
388880083.619182 1500150569.187550  
299666570.250633 -796875444.030131  
439772909.356286 -462415928.388157  
930318616.811942 301086658.454271  
419519600.663339 -822709675.295994  
-1333825796.884110 1729980359.659440  
327020631.623546 -1120037108.804950  
-345983174.043875 -720623.401224  
-926677981.720194 -54196303.886827  
-797456435.774393 -1226373689.955870  
723258955.115043 105363498.137358  
-780106057.650662 -396278093.241571  
-375492831.284471 -804831328.247673  
-440680415.400584 -1812195545.199150  
11092226.554558 -61824341.273400  
100103755.834183 1035039658.417490  
-576577127.543426 92364644.081541  
-27326016.416920 -21875987.804513  
-1035865773.868210 -922078588.751871  
-451660162.090099 470576073.314002  
506257030.669513 1497440832.098430  
53429701.601751 -1521461471.138710  
326298189.922274 205775210.015029  
165471002.413915 -1306352635.418110  
845717406.586905 862672001.274946  
143116037.346662 -681173830.113601  
1241504390.986920 -320427650.784632  
-25319811.126342 -805898370.494220  
572771989.079032 590884495.524439  
54265935.008794 -771149438.470950  
186232731.475348 482586154.027127  
8230365.350873 52956016.008430  
171051232.679576 -236889413.636239  
780398070.413106 -843769173.163125  
-30755517.316609 290488286.072255  
-1422148082.569380 -71085369.215596  
1651086941.988490 502602674.059228  
-207289997.265813 -57079758.834454  
-1234793168.274630 -741102035.347638  
519577042.491970 552433908.045326  
-846017545.434976 655100764.146976  
207326243.168815 1201566914.797030  
-1412875072.254420 693131377.573135  
-330070756.883513 266638005.228041  
-248863318.769199 -418970742.476043  
158624039.761189 -353424710.783259  
-672904101.582156 -676473788.678965  
395988034.359602 -981604774.403004  
-23505541.100352 -219861084.071302  
70253223.441794 378713177.971909  
320861194.486854 451586869.838492  
-573114115.116602 -690166286.724099  
-38512251.358037 -454499236.405772  
-60608110.873822 20140345.611230  
1091667161.026590 -194260048.554992  
-103346349.849806 234922616.700114  
453596613.104651 -156946493.737852  
-471796028.782423 -80524693.886621  
3260751.417514 -1157549994.994490  
436986023.109940 -324292922.208974  
119112990.388685 -1080203574.930240  
1829307318.689390 -28622765.104366  
-1823016965.772290 529996871.952886  
1540940686.367690 -812713475.216058  
-1018346451.142360 -84546979.902103  
-218388423.649130 526554461.697413  
-350533800.842766 -88652400.476551  
445365402.648424 -397361971.151179  
-320428784.970652 -261796543.471517  
1852938281.761130 135376114.311477  
37859345.235651 343081423.450105  
-761629409.338439 1461209109.080000  
-371797560.783652 -15752373.921971  
-108472023.224224 1096699113.130280  
1331613204.844870 -275764535.567927  
1629006786.618450 352412016.073771  
-722831466.804729 -620262050.951419  
940267437.851596 1117732214.083470  
-297142942.385233 1376747738.256730  
23632122.591198 1214186848.852260  
-311440803.049332 172447725.743037  
-1268726202.748130 -52764392.638585  
59161814.180490 1343089414.544260  
9367463.516922 140573194.307045  
-234799489.431276 1509951837.745660  
22474997.984539 74635527.356010  
-1309470352.948760 1304044998.127840  
196799385.655926 -343192667.958205  
-171775595.709873 -139014706.334949  
7436072.908188 24713550.824158  
31132931.014037 -614205439.025938  
1414076741.599880 558989582.346596  
168663744.216637 446900705.938732  
43674851.758401 -1235528412.246630  
-212592586.929560 -11391457.045387  
118877438.782621 -1737301650.822230  
-36972882.914890 -334415288.661623  
-176453034.174110 -1286246976.432260  
4073698.680226 -993789974.709180  
-88455369.270045 32145149.659218  
-112054728.786514 1273723669.920610  
-282681080.594041 -115540577.520706  
703951176.450768 -189104451.816611  
155710342.479201 -1505850338.161460  
1255834490.342510 -937729573.616557  
-127825609.255014 8254812.512029  
-809915230.420787 976426721.463618  
83723934.238562 188015721.201811  
108423321.930344 -404260591.876793  
282214069.496760 -66536159.728540  
-398108450.997126 -564891766.210553  
1833711406.118180 -40923003.511081  
-21560897.935654 77820081.406954  
1174782587.485260 171089159.414310  
761085722.385302 -646542805.463909  
-512118904.815683 -451951545.152305  
757374271.714819 -740465161.889120  
1527681088.540980 90659133.517055  
14955317.811595 372228287.280011  
-340921341.634756 -82546738.977438  
45593437.529355 -52878954.502000  
1340851881.192700 1168302999.721730  
-66095838.277284 1121416673.336680  
-66368617.054693 178803930.246220  
-24309547.611113 1251157365.840950  
-163304718.325640 -269646277.022725  
26177496.298608 15483982.073692  
-994166040.605412 -706756594.066590  
-351324889.093134 -209005175.663446  
-221640227.079238 -2023999550.721930  
135683230.470924 1401518722.768840  
95252418.029413 -133031299.296223  
958183006.567493 -96925595.158013  
-531833282.937969 -394660542.566860  
1476914923.351940 162506526.890433  
-32048980.481720 -133230869.888673  
-65498126.174178 37730518.968963  
46957242.051642 1415367232.374320  
-945634770.778441 872774888.883440  
-1113590002.091440 1847403461.600840  
-217994884.005855 -475713475.924848  
-708989170.817813 -728830126.990857  
-408302467.732768 -76760839.626337  
112733957.381943 -210659130.480267  
-552425309.646610 -241654170.724082  
226253008.003351 -36047785.464247  
50925574.846593 -108510719.912892  
-1843992507.857940 5576344.593837  
893151123.240385 -9445887.035271  
133156357.104027 259763748.878200  
-752196994.097191 453374532.410981  
33219832.895449 -774095145.891486  
-127152598.204988 229488922.893279  
224236672.111128 1028714316.785340  
-957009382.955130 -1004220.494145  
126212178.463453 1388998209.863570  
550061816.871821 139006795.294290  
538364252.654316 740559563.226588  
555582689.439907 -509489602.595993  
695941175.736420 140470090.981912  
4785717.928583 -3951184.272315  
342389494.690236 609417121.365508  
96596879.548563 -215481764.177247  
429804345.370262 97182827.771893  
1626174010.390990 -864259085.602125  
-94101213.340453 -24688683.620926  
-145488064.539326 -1455547203.983070  
-217483.228734 -1163653408.715940  
646984688.576153 1107654224.408350  
-180836387.149526 754028813.123259  
-406188211.406014 125968649.737356  
396275189.331748 -526681954.415928  
-18656748.644053 -472437000.528948  
691667653.169737 452848509.478612  
-91760902.277107 -1165809600.224390  
-17519744.992774 -293596386.194318  
-66464066.774683 231355853.020332  
-212111928.011004 548582401.299192  
-132408939.780816 -872997955.646162  
-256333289.459573 1650133227.498540  
1122570924.104460 47093183.049890  
157190484.132037 -1284766314.013720  
14907065.687597 -1476580843.963470  
172766864.044164 30255434.997484  
-628059735.843955 230115089.704661  
55572954.257600 28710014.752394  
1135911425.131490 -1686826807.362020  
47843711.534076 -417658917.764789  
909662937.410321 1569459308.312100  
-1270698161.044450 117580883.742260  
530424080.574807 -881721152.053849  
128125411.366745 681697654.305352  
945200885.089712 -229483982.849087  
-780095266.070477 343303612.390984  
-132080601.715940 -504798318.470843  
774594206.417031 1829985037.317390  
-88157875.091141 916442165.959055  
-109895284.382458 -63072946.909652  
-373501533.007426 730217821.778760  
703820355.817973 -661890753.248464  
-336667386.220724 -1166385251.009690  
901894983.110301 3775148.684646  
45330.264109 -38226454.544108  
-64562713.177102 593130635.334238  
920988755.521987 344460226.790428  
-1930153386.159240 -39008048.445189  
-15362724.124841 235512399.580161  
-15037393.120298 -1336947507.766040  
-159864360.867954 -128770204.553056  
337239451.813532 -618096315.663663  
-362719099.126160 -167954773.418118  
225249055.746532 8730858.158511  
-231563306.581378 1126185073.368040  
121184951.394409 -62199393.352757  
-1391245177.615660 786402603.817674  
18855822.036053 1313330357.131540  
46384717.528207 35878418.082749  
-390178055.660428 -124173871.353615  
39777706.917720 -1527255175.918060  
-790712808.119308 631253702.804657  
-591992449.815029 2048814525.529480  
-1305998524.054150 -576891196.782321  
-1143041536.288130 1232499975.071520  
-111056796.480528 -12143265.433088  
1118663321.657500 -209676480.477089  
119106348.523324 -1417313266.060420  
-313380505.393521 -551000448.247721  
533224356.494353 -1107185522.390200  
-481943945.071205 833194000.532200  
258584670.660645 -146035359.061720  
-75617638.771653 507208238.062915  
-402492208.168721 126009116.470296  
680999222.985765 46880492.748555  
202520084.573065 -39336510.504077  
73656480.154313 57443455.173127  
1124976889.816450 -120349775.218539  
-1285885364.446890 2653369.361829  
51944007.838451 81511144.140680  
292788684.054563 196441702.605433  
-881737124.210988 -56183878.382891  
374601775.601385 482061515.600543  
-1480262207.589080 1605515398.315230  
442582482.522424 -1428783155.494690  
-1086285411.877430 686234056.479620  
-175775279.746223 300563076.970478  
-931208197.415516 792547988.863758  
151014971.355827 -215294657.345855  
-1746550759.112660 222391355.879749  
-201271173.974911 1263667172.013450  
1263575141.370190 -542619424.456559  
846346825.932147 -91092920.779121  
198196621.259952 303732899.369695  
-1810711681.492670 116141763.696286  
-192739972.308909 -1479369141.425170  
430235615.801001 1268544335.823340  
952825892.948233 1151336154.851000  
-342450686.473263 310978813.085316  
-148672130.969666 -12401986.075816  
369533538.710920 -1026283445.980370  
-1469113713.276310 520006878.842343  
1146731747.649060 641881457.789125  
251462344.166876 -27874511.852935  
-96162276.654949 768124433.507562  
-480917196.118910 685328044.271857  
-80195748.575373 365584131.353959  
411512923.111299 705034912.358529  
-43576555.028139 7368350.012943  
1386302930.765340 1408351442.464710  
459428350.829731 -1418813082.277110  
312293753.584172 -40177357.809527  
-732617670.996886 34847751.934691  
-498652365.404188 885898631.040048  
-888923245.698398 -767890848.078745  
208058403.212929 -217604549.265864  
380886519.987001 15151908.940524  
872067966.951210 5258177.859477  
-1197446607.872180 -914217269.548762  
95776518.209763 -719730968.281365  
27894861.610812 -357124475.819104  
516058895.943515 189937486.331551  
-335324531.347495 425287716.044720  
466023686.556724 552180497.619547  
-30335946.668764 507281230.198384  
-18916650.059468 -65238659.174356  
309936218.573716 572341093.751930  
719392945.634588 -26681300.250603  
-579444657.901341 277007234.313395  
-425747204.904395 256698414.439404  
678418584.630527 103563950.114114  
213388181.233180 1048835707.001410  
335600736.735754 -405857938.895746  
-98335550.260250 1085661363.349830  
180679921.529312 776266082.814291  
-1222385303.272080 389876754.415584  
-693741525.759130 118725637.029878  
290455557.377593 397658629.115626  
86195739.642830 -78214636.420377  
-32378783.964867 1315501498.993730  
-407678172.844179 -126764204.440109  
-393143275.025531 -1317680228.905120  
-255294787.526753 -14457080.819013  
321902181.371750 128585133.512854  
734421518.510379 -1149043692.843190  
20395173.258345 -324556161.560555  
-847951832.236282 324460420.458710  
82304803.280310 -810738421.353406  
1027568017.933140 49473686.954800  
154375779.121917 -491285540.126744  
-385316650.204324 -867617194.231915  
348666256.051718 -1333281190.312160  
-333356222.940981 -703547541.605569  
-18851874.566531 115782893.194099  
-49721427.022721 41405382.250613  
244349981.447077 -659187643.842126  
-46978922.333433 -916911322.163121  
-90622016.419523 26949852.053674  
295365998.327772 -663386922.298809  
-223028853.608155 15866533.883988  
-819850018.474172 -379442426.608085  
-1372598399.046130 -1256654401.300730  
106362046.863624 -1151128471.075390  
-254993234.719277 33841728.909679  
209838669.461687 128739493.750796  
82183901.927180 443858.056773  
119658361.430967 1067250239.630940  
859376375.960387 -90376727.619137  
-67630001.105845 -1069927389.837890  
-861674768.643831 674046881.992247  
-242030879.865560 759541880.362733  
406728661.082680 98410347.140677  
-178952655.049915 -1335693119.017190  
-37488964.944345 1218450746.817850  
119614684.244551 -479078891.577747  
-1545811225.787360 -82806888.033098  
-1433959922.806630 749084282.353054  
487607452.946209 -972084394.283544  
-1130599321.944330 -334624309.687938  
230118836.102252 -874043935.878786  
-125551306.938412 270647068.479593  
-362039044.540493 168129922.598982  
-1266339922.928250 652561413.652800  
-168372743.164389 -174360037.264905  
-44169074.023278 -437133780.354218  
783037667.538313 37960687.404204  
225988232.191904 -231529419.378350  
-184037508.590024 137033526.229165  
65795352.572234 729371843.819608  
-603901094.308769 -728952561.928492  
10890250.676293 90841267.838172  
-1475845.462977 186462927.276896  
1022340974.477120 -1063443677.681540  
1305479524.179020 -432476622.639590  
835407533.252823 555944424.542279  
27424060.890226 -1306677478.833470  
322205857.660365 -75439405.797673  
63219920.293239 297798174.639736  
-38145924.321980 375424435.675243  
-112309602.475035 -36358315.954268  
55058268.338666 -356222912.860608  
-127043348.987963 777785219.256450  
783223468.639044 612257631.151466  
231005316.613789 39191713.100232  
-836991566.269525 157653019.218993  
-1314291901.680740 -380736215.678585  
500734572.851811 -589549213.008839  
1185789011.491870 425557576.774317  
196508081.726037 -463382309.580798  
-514341973.754317 -998219077.634480  
91370302.456054 -437805739.118287  
738574977.460258 177317950.491387  
-2929984.476139 -270046068.318662  
139802390.105894 458763932.209404  
-396062833.778303 -51935206.775541  
-55191904.916418 2067209981.337380  
-1187466760.298020 -33879766.708646  
108100156.452530 1525660341.842390  
149185095.942947 500768879.874946  
152185911.287435 -661713273.446192  
435871268.671635 -785548105.487092  
14651627.482582 20066846.206963  
-1035209597.252860 998606807.814392  
-746707153.376444 -38611565.932584  
-253463811.995533 -30806110.116433  
-584462819.501673 -340786521.872183  
46082404.957878 983750000.342911  
54750969.478224 1384287989.871330  
103572628.730512 -1637053361.156970  
526292985.215650 -540327589.541551  
-112692417.741572 20131600.285002  
-1191154611.932780 -464546920.800846  
-1724513651.412840 311762879.599610  
1346130845.856290 536206063.531442  
-75902595.370492 -182847008.845616  
46716800.415243 881925972.975140  
-1567100479.027050 61191976.038799  
-139897714.840847 -38766919.816277  
-867439973.548475 194875572.066789  
-263632331.544740 74413172.291003  
-1755576499.802330 455584987.738539  
497791762.588602 89206558.605195  
177835374.561192 32712921.669374  
97296351.594371 -37982889.344575  
-192569589.114916 939807706.130466  
-425249593.970388 1829324799.965620  
-420272656.822512 -214656750.805211  
616124647.259932 576779732.784642  
205964555.089082 301668190.006254  
-878902920.909336 -393624911.266052  
248176794.134990 -719309037.225362  
-432445364.087728 117768775.188317  
328927312.811593 -385482542.616248  
-135102155.912032 -326660363.239836  
-1511406860.483080 710641481.065864  
-47590990.355590 474646103.999011  
-181497031.034716 -14306658.394422  
1611259544.746300 -220383111.308692  
489243548.030542 -357729669.967064  
70400228.199523 -1216246176.650770  
-1275645271.065440 -11344274.594456  
-13643549.687404 864620771.138511  
673593996.704902 1453552917.784250  
1028564973.191100 -8170189.072531  
-1137439887.433070 213477513.530717  
-65789007.038289 -433224525.233935  
144759066.955474 624456590.741770  
-132959085.524355 75561844.482380  
-659236029.326834 -1531290991.174130  
125237145.487388 757362794.825697  
427684409.405412 88636066.579277  
1738940702.442010 776287.126093  
-728003008.973192 -1302706366.092880  
-499041246.116899 166810037.832973  
373107406.332954 -122690361.154297  
31367525.962445 -392239731.494844  
1300177760.372170 -89017536.280295  
1264190475.707040 -903613106.563063  
-585304899.649508 -129488509.168906  
1166368789.579000 -17542838.705466  
532281812.076919 -942128887.314871  
-420631449.373267 -62990601.273372  
50959847.236946 188633601.681912  
-479010678.297883 -152755656.452560  
-409674468.598106 262823669.226883  
631397736.118976 -520767197.599053  
-1234411766.249260 -52013340.957616  
-37229383.010611 515772741.911307  
-28069252.864774 -92049447.352073  
-1838381695.088100 528566586.358691  
-1055700765.795760 637958995.461468  
17030127.791288 -506783434.310978  
-48434500.547762 -876563663.595543  
649350813.539477 83621491.292470  
1664032284.258840 812362584.585001  
673759610.312137 -624918235.651720  
-1883141486.490240 -251970574.780174  
267471023.808447 200461585.362282  
-81359690.558289 52825758.932659  
-801184893.289597 -970182328.084259  
500297981.196077 1307212055.651050  
-694715691.380644 -656252507.341569  
201740886.821740 -928990261.070624  
-199297047.847662 636208752.491536  
-174964954.899702 -239117366.254719  
259226599.304507 -328288760.785773  
395554905.683695 354356910.801425  
450535090.209037 -49637275.218640  
-1491142608.606630 -1420920576.669580  
-205504174.882601 -1003119459.658900  
85176645.211284 -378689695.366109  
3861701.015623 -333826018.247038  
684867303.899318 1238795396.448410  
80931271.771138 467075032.469367  
-438938163.462477 114619137.422606  
-61759387.838603 -361839506.068549  
542598329.630157 47036003.521866  
998145228.997555 1495871802.947990  
-99306229.653074 949332116.533562  
4081346.685834 -85521414.405770  
68863758.146214 256075515.687506  
-154046651.150613 1899550326.360500  
-394483796.193793 -966271830.452810  
643747954.023379 96273869.834949  
94508741.907726 -1262926805.487880  
147765175.943670 9540671.424582  
-498710596.113429 -136409196.915571  
1662271761.840470 1308949677.869480  
-557908360.832914 -415898978.506878  
-116326957.577501 -285289115.490083  
-71664001.594078 -53198948.297894  
-4883306.828475 -96227142.417419  
397709145.842971 -443293097.997687  
-124422534.950113 -748450051.761566  
300114585.143997 -145212532.514467  
-1493828335.502930 367901269.558916  
7119425.818535 -726949058.153019  
-132615836.425758 716594988.592222  
-746495763.036320 -582121824.911727  
798696036.462342 -423391815.530740  
741991388.958445 513801700.388889  
-1388839601.603290 -55999369.952258  
1783966695.122340 48194324.772098  
-44312797.510047 -178839622.456535  
379990861.867579 1295975772.054690  
500026025.430644 -810096121.113526  
71214046.345259 -1882787892.240750  
-166473381.829782 -1056927019.660270  
-455932929.630504 55071189.293645  
863729.493298 -326679957.394059  
-290668178.018368 -1519000542.610350  
278250077.440560 367877332.830748  
-525895731.293147 346331783.235988  
-262616566.499588 -950798105.501011  
608082292.912837 -21315686.228572  
-590218136.370446 27405532.376350  
871430373.700419 -29023944.626594  
334457148.431625 -684770547.767173  
656874732.729401 -21023917.372308  
401750810.188396 197678534.637217  
1447271568.576420 -1629742834.057240  
-1500044888.386450 -89871308.762405  
1295525374.076090 -468866243.490010  
146391076.075823 310046115.469053  
565465748.530013 -1139127944.499830  
-148143768.306517 -1220456276.746950  
-12936617.539152 1133950874.642290  
1523080849.750100 243132369.159689  
342037032.969465 1015114780.841240  
-113606385.812620 -339744940.958634  
-952486617.477019 791655848.309916  
-534029333.259042 421036531.678050  
-37992365.726228 13927370.031690  
478908005.129337 906190795.885164  
168861563.231614 -1297966191.359820  
1642480520.980020 -106518855.107976  
-506891518.164843 1358715737.488460  
221038924.325234 -401378602.033868  
-192288484.649551 -38658000.096524  
-60070634.839357 -1131728061.161970  
77147847.670581 -268481299.249372  
-70333031.755465 81041475.233643  
-755432934.712309 -278736958.633339  
-334570787.400655 1477889814.276110  
1198421224.964020 -1062119384.079800  
1235548914.100030 1878284628.386680  
696472375.548629 254914682.063342  
345629721.655004 841510192.911210  
-61417182.610544 -256202823.566732  
660405181.042133 -495012020.884285  
2026624062.552830 -254368982.199728  
32020411.245977 238236883.406603  
268629589.658656 -1100514003.850270  
211004321.609860 1328375341.221230  
299888320.465771 -1019565175.599100  
27243155.408754 30165093.135783  
142808439.204122 1552560465.599330  
52137261.006090 636317308.579869  
-1317969846.048130 -38743482.091383  
1086340106.572840 985261466.619986  
1441072742.670110 221516832.242430  
-1139316681.545030 -968469157.559521  
-281950298.662870 -576397168.890985  
-1054751490.063350 -756292881.624392  
121021183.530977 -1604256697.984070  
366422541.780738 362199987.770866  
466405073.923620 -153687884.531578  
941138316.376165 258829447.815002  
107729162.924624 309254524.981016  
-312519306.701894 -1901165164.556340  
-236339737.836143 -879749133.802989  
-234522138.219252 -111675391.896357  
-40739190.216880 16085342.407422  
668968626.793767 177138910.264656  
-100998016.363565 645968818.313603  
-226272753.991152 1717103332.133560  
-200728759.152445 -497738700.006900  
207734007.527580 242215397.083967  
-233438811.635162 -432551520.214904  
-419029067.906006 -267164940.532846  
146013321.055321 88302205.949935  
-906774948.017636 21530849.399763  
376000866.665800 1373310290.637560  
-86819807.752137 967634440.936679  
1141408889.285700 130134846.753140  
1754879347.859630 -54996661.591222  
145339729.307303 -803570263.485992  
274184349.990096 82005737.870340  
946109958.877499 -374731911.842828  
277539212.866856 71237160.634000  
-203196062.481222 -1403265131.363060  
-713761421.733386 -111071834.186576  
22317537.731655 -613176751.224189  
-71221955.803269 790229830.092512  
915123021.651473 239081005.179131  
-383500659.789865 1107885121.729360  
591361968.349195 -972281294.877693  
732779165.715091 396461871.077621  
-224412364.924896 724827760.021425  
-803494502.058967 -278033217.513572  
-1004743524.813070 1347445689.653080  
-231177097.707143 388345383.771339  
-61891193.788846 -1272495457.969180  
306883247.648054 -1832686945.203090  
1681766552.997810 54287126.970726  
-289686759.837133 1161224539.228370  
-1186168291.635940 -515790166.820206  
1151174386.607350 -1933454904.981940  
-393450077.673543 43288504.668499  
-435983249.221006 6690673.107150  
-408229685.655046 -280462008.413559  
84002558.896101 -52481029.029014  
1963336.428748 532130141.497792  
826534773.308969 -450637755.371188  
-515333416.925940 -364477707.698536  
-441355133.680883 1352124633.216650  
388511805.628158 -749186033.304292  
1176020229.366590 104280000.441706  
-435987450.324356 73785771.140754  
594741813.103306 451309781.410418  
250146759.088178 1156032599.222470  
10461689.851049 731381384.397857  
-384524604.256874 -326149873.159701  
-43194.352581 -154244495.371598  
25836877.474597 106806871.679536  
37547020.739495 388167112.035003  
-1178944797.517010 -1190649377.155040  
1185052589.866890 -736307775.689045  
-607477329.736958 183845341.633043  
-181446299.269378 71831821.250960  
-1480895884.545050 -510945399.911451  
550106453.400426 408608909.856039  
476854553.668654 659279629.617119  
1058017212.356580 -1654773.789183  
206543998.733987 -121716947.298297  
-497501935.933559 -724731316.109986  
-951002181.763425 -813138900.860996  
-212660595.555478 -22557592.722696  
-615419543.724279 -770275875.432029  
-840041038.199054 78785963.993702  
716668898.347711 440098347.255510  
500227584.636776 -247339628.009715  
-264523978.266244 136441589.971326  
-91039214.037970 -320190537.128629  
-418327518.292716 1562886835.763950  
-151400155.178183 -403028088.891623  
-269072759.817342 -270158465.323503  
-135082659.687634 918112702.095558  
524263.345821 1078583015.982050  
1125499215.753380 -740504323.673589  
-328519489.863259 -187343254.558655  
-406326518.091591 -637387938.791416  
-1439718359.600520 -56774854.663269  
979451047.239159 952555494.880813  
1343243047.559770 661022884.615795  
-615439817.383542 271813040.886242  
334438157.286721 301832260.003522  
196333323.869671 190750038.621917  
-24605032.340082 -999365255.656223  
58426589.453197 -119537697.486095  
483034886.484654 -123462490.999848  
721677282.935227 -615992787.098086  
-15903561.344814 718345923.787871  
84433392.959776 -725032000.416262  
-772655759.917254 35336155.804929  
205994211.956168 148313472.836989  
-374177930.838284 -968107225.304471  
-165421841.510871 -22037693.408695  
154834447.349882 -121111069.982876  
789904277.557791 203903412.811010  
-274863776.903304 -313514207.538822  
-881397743.857899 -114189831.766941  
-1811571530.794260 -379031159.170263  
-302698252.571744 446136133.335646  
1815928880.433770 -311463540.787940  
-764008315.684954 -21062469.639288  
-526060160.383367 -1001915482.792520  
-86250116.414774 312630514.687850  
1142552325.944870 883745897.361143  
82402167.687597 316478029.676052  
-1512066.100743 96175874.883245  
-62014267.225037 78622280.438824  
-30289530.917360 -136613795.469493  
1447852676.336520 -16278918.680514  
597000127.714448 -65195866.355971  
110005443.770874 1887177183.789400  
-476421635.824047 -80267335.374536  
806870238.132620 -326888669.860506  
894128583.065871 -10652377.736185  
-58858916.946538 -596626367.178676  
-1576690480.158840 535584098.392859  
-2002831962.123980 -711590196.447090  
-1039619831.360580 -864236972.950284  
-1013983518.848560 725815286.479752  
-349638813.586904 7524983.468324  
-117246197.408786 -512170485.059001  
-1583296791.008740 675203910.686720  
260757034.180466 -42677336.980488  
-401430213.156126 -982337310.978799  
-127791506.126008 101514291.870603  
-1451559682.508950 -1153539005.451800  
-835501459.830621 1163102430.846870  
-1361077530.789410 -361552695.392904  
-178159988.965813 558919542.364332  
706230313.823768 -166488624.746213  
87459206.388696 1074842924.796820  
-86647888.740377 23556341.336148  
-791740171.032158 423561371.380015  
-84649496.184542 535286266.135760  
-1872698485.173430 -1302741264.157970  
46612589.608023 1338869470.157390  
-1182374073.608420 -74138733.174029  
297861195.819698 22435084.028033  
-309913413.483666 -33146422.614757  
110417499.312783 598599233.233274  
-554852677.587396 -51563530.563639  
428247758.514303 28312416.063748  
803607764.138073 -1283299147.489610  
-549441757.019891 400164107.969182  
-240041701.356182 -123245331.533487  
-830452312.522913 -82078293.377686  
-168659370.269529 83305768.383354  
920304203.725155 1127202482.160260  
766395707.836222 72969199.105191  
861797758.782263 -427318064.055848  
-31041273.198191 -407809814.329079  
377252381.880105 -195839859.932029  
-111317678.330735 479945545.245012  
32593049.741752 257042910.487277  
12666814.913443 520056579.941399  
-1654891323.298970 381452239.758881  
-41283927.917690 -1638118661.614950  
284073182.632349 646440413.172015  
1142768360.213990 243274212.122986  
-1711837645.930700 -580839599.974715  
45288277.525909 -970906580.314014  
-1629936574.555640 469055076.289804  
10809203.410764 -838037633.411960  
689732847.679921 -959237784.215828  
161157486.372663 -329112232.610882  
-564286207.281355 -312641435.545727  
-603410776.978011 149251257.485808  
-747837261.086608 -38083726.954416  
165867917.722268 -426624847.375026  
1357683007.191700 -1537165476.865640  
-378632289.820599 250575662.896476  
-341326664.077772 1202821015.808180  
-743252711.085301 402995843.604132  
-1421836145.897480 -103770631.076236  
-102604062.497855 -831178296.710982  
1229723857.713660 168295737.197411  
917104836.724500 -450115186.376830  
-181167040.207412 314604040.283269  
-677821842.121897 -2014922441.440540  
441984676.320667 467128128.901239  
-1666718607.239530 36218726.122984  
-56842837.538039 442501957.144143  
-49373849.289826 260206797.703907  
-265523334.104140 -147863374.617920  
-38991897.079167 636520260.375139  
-394699605.690397 774391601.446022  
-57975406.616887 286397101.694062  
849224158.290342 1233613393.973720  
813750560.747659 190239539.259057  
-209087485.101684 498213763.783455  
5515305.887612 -424068268.917833  
-951728840.367907 -24042055.173197  
189830714.105874 132016479.934321  
-135795794.184221 464446478.841045  
-403774651.591857 -451094887.680702  
1105938268.837140 677537761.599530  
-1520289853.731300 -206359876.738343  
682597653.338106 -5391436.087140  
86370943.338265 -303884835.610908  
-715158875.462593 43333141.710784  
-37378293.968519 -146434553.378178  
-953184196.172150 1214806870.639810  
467570971.724540 -1426071588.609570  
-349609848.567584 8838895.814644  
659341510.183562 273911151.355999  
-22594442.773545 -1231213037.901770  
236723459.681970 -750328471.945931  
-203503896.843337 -124489856.943344  
-86209360.388665 1306535319.634950  
-518777867.193853 -162934460.392375  
-1232833581.565100 1005956542.661950  
-90434498.338222 798920880.346646  
-6512288.413095 -325513767.746578  
-353373220.171887 83420696.080514  
-752805963.607863 -93183095.330939  
257477947.594643 49577262.772621  
-428163696.228956 530660792.166543  
-379686773.457136 -1284610236.442970  
-3015535.711419 372038543.891842  
-162025615.393942 -283347762.596989  
444885014.912743 -883250264.791778  
723215702.109671 -1204727806.701830  
-1183179594.575720 -56951421.702904  
368007839.439952 492274923.931970  
-279825929.492886 41815652.553060  
-369225916.493039 1145762270.042890  
-1114655590.542130 -442598393.012883  
-302504069.558181 81422360.694391  
1004374974.337880 -69836392.186163  
291203662.771986 -63108094.206379  
-55227534.960171 -943333360.987967  
888078101.074713 -52799179.945676  
-114579247.840744 -323705074.879664  
-243673716.073146 -1334367219.589480  
158145032.705641 354833798.772657  
1272484483.538060 -17699275.456403  
119655.191602 -29406947.973183  
-460667695.063259 -1006542593.684730  
-820689997.167234 -1194026529.176890  
1614880652.941270 -429975050.687050  
-62668938.560722 689754739.734985  
1160401345.413060 -1221322567.041460  
734510354.781358 477595573.251875  
-156406078.417075 -687370242.731308  
257413405.843003 159360177.980180  
121258470.152260 -160067460.193462  
-27210103.513086 -1315214257.035500  
-602866851.379011 -887915353.887572  
1564264189.298780 -962533894.689462  
-442726136.033306 -997001442.119628  
-522228910.523537 369746353.247575  
359944774.863915 -765225857.753155  
-558760289.590950 628823690.088694  
557039546.712129 -1522135600.667210  
-1302136209.287820 410053389.781264  
76536105.272520 -413965363.687575  
-154114370.634149 230824881.120100  
33525057.518088 -729169622.421218  
231942149.600444 -384210301.699963  
-705435956.581211 -683397035.562566  
-10739033.734784 -397508345.065769  
101718484.796011 -499698595.288559  
99912693.124379 610868473.146544  
-1790388877.726920 552107509.321872  
-1018648412.950240 219489888.873761  
-384005329.390178 1263825703.497350  
-1652866092.972940 1489978098.896760  
1203922386.813060 20538044.173457  
-1351863460.731290 31067203.533356  
351434865.466136 2118186019.044490  
-886810336.077224 -550498720.928833  
500866870.007474 1075443363.125650  
-325100766.534946 1436426293.761480  
386662689.275999 766300195.502385  
331987809.197747 1360483430.473690  
645872525.918748 -47513471.452101  
887891043.424120 -802827004.975636  
835063562.387831 -55055521.911745  
196098120.982185 -19196004.824376  
888528.352808 -7819156.698750  
-447487820.837894 106183.604215  
731103701.600654 288628349.248628  
314712343.829414 -327675547.630240  
-1283400206.332030 -383818959.822578  
641883581.621186 -940269234.434112  
-48210872.420203 -38181415.127753  
-111246995.267598 -83274617.057518  
442737983.346944 470022096.369465  
-48938074.186796 60576174.895425  
-538025575.206681 -166010370.578939  
744467714.546003 119224744.011549  
101928119.156995 -1012407631.885450  
-1706297234.063060 -217607123.572624  
-179051212.291770 159158618.984584  
106455567.312403 66925884.652564  
-131373249.132168 133486227.057346  
263255033.918351 671982364.144200  
945500617.529164 213885853.855137  
-642823499.368220 68364645.272861  
14530493.188527 139826229.982938  
-78009300.851385 -900012914.877947  
-326048839.309361 -504125976.699055  
175863193.201852 -141578320.758330  
-1294606219.350850 1017700729.388700  
-903561894.191058 430563008.377201  
11232277.985730 34046413.213860  
-855872182.850021 -588356323.003216  
-253834486.237582 35411478.509420  
-6458526.216280 -401321359.448926  
-514499549.119272 -1438000046.468050  
-885620844.148082 46481771.704147  
454285687.833245 491404230.526222  
-41286045.124288 90412968.763831  
-859252380.858614 -395714641.863841  
-179565065.392062 544191651.530231  
-5008774.495407 -411517674.552775  
-1192327242.891770 -45221046.964155  
458117595.150562 -144011772.149310  
9174463.067229 -1501001277.777840  
387498901.647335 232514545.282916  
1050768745.489190 666450122.153663  
162783511.854951 617123622.193684  
3190510.727861 1481154096.517890  
-703537917.314239 -248238053.637233  
-1671835477.680530 -11596823.894416  
-1819444979.365150 -2140441185.510760  
-886153754.218115 -302259911.065001  
-233030966.861113 99836556.564391  
-1120787932.879030 -123350122.299354  
332328893.885309 -1262546684.309470  
1405034280.330390 -36089333.852939  
-741204772.183005 -1250932386.578010  
-1150583390.528820 1192049718.610450  
-820536903.774668 -78727660.648591  
-1025468121.888230 581086275.247063  
567962844.296564 -1743469459.373150  
820037166.100269 -713703207.055602  
428988939.127506 -277266582.833743  
-514562608.875347 -80127581.567658  
-48290767.281857 -360328655.523789  
987267973.432560 619800765.912351  
-29364338.122401 -944087433.105997  
-249034141.977409 -1284244772.397130  
-1044721432.561910 802617078.916201  
125019642.498278 -1476679035.683450  
474777469.583652 -787669818.917448  
1014652487.772950 -1466358542.977620  
12120753.640890 52497010.306209  
-182386513.309032 -185802624.398960  
-931570196.180113 1420598744.345880  
-51754847.978643 162759004.437360  
127580292.421224 232412858.969267  
-97693724.886832 1222501045.297930  
-1133121135.539710 -417799969.369392  
1344810847.209800 24134591.957124  
250782000.651688 -170881308.783154  
-64781580.243616 1000098000.389710  
29542837.434590 28573772.606500  
186618216.634672 -1858868535.847990  
33432461.003454 820183953.031606  
180257369.147146 847061090.849479  
-70669139.177628 211007403.649225  
-14012194.506635 -1917901188.957700  
-32352676.443850 -171684790.347181  
1251572226.504680 -522424430.106493  
-60485324.054457 -15328939.365001  
1350054535.906170 -58221617.933050  
154583814.838575 1405331514.762660  
557049848.863797 -1153745812.417830  
492871121.485915 597674283.556698  
551350019.743378 1303013441.909610  
208691772.346551 430729683.287199  
-1235160508.456860 -99275059.080225  
-87985069.118571 1898544531.977950  
1217000996.939230 518547481.321214  
-1025133099.486890 -90556204.084047  
298870858.284599 -930972255.595114  
-278128134.269866 -139612402.948402  
-259886100.327938 1509354367.649560  
585367224.952863 -617504255.530903  
638268142.458800 231266007.093933  
-136267745.779017 57874082.189362  
-943816407.196381 705210441.728469  
-139945880.302211 309671680.239541  
814618130.307815 -1135964300.925200  
907588622.328412 684486888.541322  
-248923640.786472 368730249.083339  
-126733617.074506 -600089688.804760  
-515817710.288063 692694702.261356  
1073348334.791300 665793219.128123  
12351955.426719 723648256.264924  
-326743651.320652 1031629595.126600  
-29000248.579249 44513914.565291  
1756327590.329640 1007441789.282180  
-244072422.190718 1500854029.274010  
38078339.304430 -535122415.375780  
-770163131.656515 580534130.402114  
220867513.477543 -168058317.594891  
-379884973.014389 42086172.514239  
-270397477.511988 832396553.783739  
35400879.007727 -104180271.017665  
240704927.679928 -1448639661.772730  
-232649335.019854 419352400.941989  
-432487992.776653 -562337594.215308  
-124955582.058402 -174461109.928591  
997551015.031519 312950736.052068  
136183747.269489 1494415117.048680  
65216207.653952 -891765570.391385  
-68800554.315882 -410922433.272224  
-84390642.234194 -931681422.977355  
-426159989.350176 -220822667.978199  
833122023.420843 667550102.882756  
-885197033.705318 -102309374.057868  
-629842680.766943 133425719.436176  
53549944.825576 -462619037.795492  
930265161.773004 648142125.750675  
277701899.854456 -1076238012.199000  
-74575569.381516 -1121984447.835540  
542939035.897744 283750379.018504  
85172972.086176 335190736.347641  
12239076.603448 601295279.431276  
505531364.019785 211045211.368207  
-162319706.950040 646091225.378835  
-241298733.937408 -483396269.729629  
-209291702.191876 926391254.692286  
630768102.498734 -1077372841.321110  
-611791086.395230 668574636.197894  
307059250.052112 257965586.196675  
-384936802.877863 1347025612.900620  
-306454235.947044 47889061.672972  
1433683060.397100 1099354253.431010  
-34365444.177893 1369580971.993380  
44757809.802285 -734807862.634705  
303867417.118143 -360504818.311178  
72644061.629187 -1237134876.166800  
154764057.491112 211045604.953038  
-249363389.026182 167422468.210608  
750171580.198171 293359407.151875  
-29312017.660717 -1052520618.111600  
851927925.819610 512781427.456271  
243005227.909228 1219965483.032710  
-743351730.274222 -1474362576.716970  
304063305.028757 -867333993.215804  
679249657.963926 49928236.878166  
22298369.141815 547664544.326010  
-75916283.480564 330611690.305323  
-156626702.390511 -341585476.338614  
555286353.347595 1312940820.093720  
998481851.924219 -331006453.240847  
866934711.841372 -239861212.487312  
-778535583.769044 379454530.454800  
1626294356.541840 -488861761.534800  
916118640.871782 -434922198.588674  
512100076.693391 -573514675.853556  
-578896307.720507 -884593702.367299  
1309313714.012040 -18381097.515783  
911893147.148051 -798007281.034605  
-1066935112.571370 -213011374.289843  
-1369363279.937620 60564093.882808  
985316229.741318 337230647.498574  
-1177077309.194990 1023756527.602930  
125149805.018379 1854357447.273390  
-459354670.737987 -87304152.569852  
-151635166.606254 -544377661.176230  
72245852.576915 -256511511.132791  
-1488394688.318390 321656664.522951  
178994459.986143 -340409290.811259  
-1030641024.010480 -37339632.489618  
-1356606235.476140 445284171.447846  
40116443.931867 -686002853.365754  
560491144.449246 658816629.519569  
-189159765.586244 1521001903.789720  
-335627506.197628 -424601825.784988  
923681057.006758 -944330977.081861  
221301460.576304 -1273343728.649550  
-183388642.734218 -1051156573.550870  
798950317.272786 -731000317.049061  
-64205413.863884 -280435326.044856  
-402505240.391338 1172071765.874370  
523022618.285438 11738056.544792  
-650981613.692529 -743605390.341579  
712007764.794218 1606842387.408920  
824055795.782890 -213709941.310219  
-1340716224.823740 838008063.316798  
954958085.827005 566721401.708966  
1358314826.914300 -279028018.660014  
138244743.267435 -124054694.234567  
1314453355.247390 43806742.201187  
-1331122985.787210 -1912446704.900090  
1286973299.257480 316565555.150898  
-51847834.933493 -36023198.254422  
-126561923.053672 -365965377.905261  
-72326474.909599 393608072.469276  
1076165013.972600 834773958.361983  
-574706121.740799 331336264.223748  
-1258137637.026760 -294062902.870280  
383870370.925047 1116382287.124430  
1367851450.832560 -126082873.518864  
-316973997.163614 532423735.080053  
92420595.449188 563046603.108558  
709558916.080466 -848144358.986506  
-16767911.106528 -1038641680.655200  
-66220779.832509 -86948780.499833  
122396469.310948 -552380078.171556  
558478123.997091 473115480.139927  
-148640279.970444 116041017.181926  
-16488041.987477 -44267975.047606  
1119004410.608390 1980723879.541120  
1279332863.176950 -124266381.547323  
-673960105.404995 1022183652.706100  
953373168.715774 623522321.482798  
1421053505.942440 -1768437280.534790  
-1602866451.056720 -334020834.441667  
82660757.807429 654168011.960896  
381774.518872 -237396740.074035  
-65281294.706505 -1374342540.143970  
-157039016.265871 572840868.803874  
-262015250.998002 782051089.642234  
1886497690.495060 601155451.835186  
547941428.030120 508725896.239350  
-276727851.294102 -74426275.968168  
-155061339.626637 630672112.072163  
23002095.391070 -1136339115.916000  
-343191831.621045 -139319622.824536  
-1023485865.055610 -23616129.507446  
-4909771.358339 -1488367462.379900  
409560980.789205 -591930255.383438  
-991769646.653254 676734.016845  
-839092484.405388 285725213.697652  
1707394684.730330 191054219.009952  
-406290233.358001 -358466074.429457  
-4103370.893385 25615397.641670  
179374660.624129 -143362263.714908  
16686511.778456 -352702937.712025  
32934958.871451 55030674.685807  
-88909162.483444 -180592275.144507  
158176734.084540 73973697.775413  
-23033102.213291 140507161.512523  
211008467.772883 17932982.836842  
453197009.212957 1037797800.172260  
530118807.391411 595367790.101854  
411798921.058257 -460278039.032381  
-863388534.220953 -233567657.804349  
325166963.359106 512216144.147208  
1020114416.901660 -1749478566.409950  
-15479102.390351 973270742.992866  
190474853.705166 -14598978.930447  
339830319.505100 -60856358.196118  
-133209800.498306 2507385.099167  
-455472950.281765 197410467.045905  
365875012.092444 1596393426.908030  
65106620.508527 289882385.250361  
-653020191.057295 -1345054154.596330  
-660952378.538107 1061031950.974320  
-24625611.283953 200130149.385139  
1268790184.391180 -25701573.007607  
1202819969.201010 -591163937.351848  
254547494.365061 -1830592367.518430  
-1026082315.524380 -619255080.162029  
-226325690.196032 -991980808.013421  
-100376411.185371 -1240960272.594090  
889598719.544693 -18418366.513962  
81569648.932608 957237890.788522  
-1330043013.421170 203351764.448427  
-98606589.521985 -1082543295.940680  
55444326.930404 116633288.795219  
1073954878.998800 32664384.798495  
768106187.239221 1295602685.836970  
541130097.990010 733279562.321771  
-1200497937.207410 -1514197665.323440  
754644786.266392 -235021128.846181  
-925725836.015877 384245010.894183  
-20200316.147246 1164661652.083890  
-730099397.719879 643789108.849620  
-80761542.192243 144399311.552589  
-43369742.583645 -284479531.118554  
-166736819.484617 172813093.662556  
517006280.552859 161192209.950889  
-796640681.854967 35272997.681582  
-770769295.248360 -49174971.944584  
-592236335.919370 -85645930.333667  
167609315.496932 417543952.422990  
-128023079.450723 181428693.537618  
-813368445.186431 856042737.049551  
-517297272.402932 -480256725.170883  
96325701.087975 -241958198.997565  
-68907174.876929 -251229196.282290  
309787330.871328 1173598826.882910  
346628542.489283 200996367.340670  
-535072099.989648 -471320345.308765  
-698625439.922078 808103800.521236  
-99661193.404696 -1525417705.012870  
-223781295.501955 498252509.272360  
-304803565.461837 662545582.632517  
52495779.796733 238532303.330315  
480230151.880242 -176899740.192825  
-525021053.098656 181415905.177852  
661253151.487912 -207717419.279059  
287266010.910936 974391441.229978  
-1001514578.457900 116478219.265322  
953707585.733796 962498254.360087  
39399357.763038 -260158044.389697  
-346343560.383259 5060513.053587  
-331380517.484700 484617215.565726  
1867968740.991020 21289866.073404  
288419268.790353 845111308.318772  
-1058888661.563830 1802074161.513190  
557520180.502305 70661637.287686  
380014585.855151 -891363386.216873  
9237609.639633 186498093.770427  
-402282943.035249 -38901357.688723  
-220807971.541480 1666476873.422570  
352332889.656078 1947225610.724410  
371943421.002023 -471500100.568792  
-386807684.840638 269281506.416488  
415840215.862034 226431084.330835  
133494129.028524 -1030498618.833790  
49072073.339756 972017207.131732  
-1095563438.991100 -13854613.089770  
-42525338.021318 -267256663.933004  
-438185409.978424 686713165.219563  
123805908.079222 -351026003.767987  
-33773273.676198 -110088312.410214  
-837919337.470707 -1134203948.995140  
-606709287.596190 730317908.490421  
-16796799.244415 249170123.891697  
-181647438.830009 -1034153684.977300  
-2011709251.349400 1376824371.636390  
-1125111981.114710 387416509.982520  
-921644691.728226 -159541667.055569  
1802124282.837470 220080237.790158  
1189301468.303250 789475802.314341  
6079635.193456 -356078911.729514  
-170059946.976386 -56722579.942731  
-1376528803.161830 870344233.603521  
811792644.749420 384402898.444922  
121753319.468999 336002929.490652  
169791172.504839 296411975.279083  
1172852209.302360 -134000596.508404  
-27205185.768884 -1200863555.279600  
-1302242776.795660 646774989.744058  
1175154069.348510 347193020.886350  
-46185434.324904 -1092938706.976500  
-181481036.353483 288117518.526329  
215234440.822250 -120448493.284757  
-46187405.854869 906907110.863772  
228792500.548811 -182926984.289128  
-360749220.631024 -1499217032.610080  
-646408192.273565 -1001455797.932620  
338343403.595858 -237479369.378165  
-413314369.495572 2481899.322395  
-662046208.299281 48111150.369704  
-123226394.235869 -442824458.740598  
-646628369.505696 -192497034.438081  
-681612529.703663 -510733478.515333  
238363251.058991 4774135.008165  
244068120.212483 -334288339.797654  
-182761522.248767 -19438157.198624  
-640725824.586992 709303004.544818  
-924783110.198002 -206089048.301676  
672228927.757047 -1300370309.640860  
-198652106.848676 209543328.585618  
85771170.343276 985668367.882045  
764253825.032538 -624874385.332735  
-114697418.199493 -36752765.712441  
48333808.954939 -62217080.171199  
-218752462.464704 204445046.612846  
-639887492.334567 -305085434.880325  
39323145.194881 -759250294.458221  
-1248813568.851710 -901318630.035109  
-53704750.523465 859668716.915324  
-2365239.084607 -2101809.742149  
285257531.625344 107744417.279916  
765763673.031172 42616560.123276  
-391111181.538440 14986780.817043  
687888926.713151 45115773.502657  
1688398317.804350 1784283701.206050  
-681660585.537374 846580000.017363  
531654213.075572 109739874.808420  
293234400.045494 -1017922535.758400  
162710627.796729 -568708058.208622  
-384818198.965286 404937939.940037  
-480553061.969842 789683519.296498  
-44077542.624993 1789831485.439180  
-672812081.308781 67450315.883111  
61486794.666599 302205869.451806  
-17673740.799556 -146467861.059747  
-36584010.374141 -1053541108.804310  
469985123.348208 10706646.848585  
-551695100.407668 28804564.900457  
83038642.274054 218623228.216040  
-401489098.325126 -228755450.435842  
-1389419206.590030 -225461748.856585  
-896221196.564468 -429583622.227980  
942814554.151101 -46990953.950435  
-222327655.627303 103403495.780964  
-424673136.995246 -35380479.237121  
-9901354.707930 -608694083.924893  
-567943891.912643 241403786.343011  
-813000249.792983 360946110.728314  
1446797360.147630 -347674269.454719  
1085185894.002060 154959026.310178  
-1574620807.262660 -447994293.560775  
169663042.493291 -170978457.762705  
705338515.565740 16675843.819731  
-249693393.253056 33999404.031797  
-189600291.411315 -509395473.959046  
-488040272.354191 1305595085.266510  
-948711412.699550 195070616.167176  
-75585963.213061 -122520658.440077  
54961797.384454 -1054349699.806500  
-278910208.962766 -1034440016.463200  
719006831.359054 705336293.781314  
2428893.875210 556209753.681279  
300879119.046407 98731084.448083  
-1789308872.729710 946143017.171799  
-106664635.758222 -1265729235.383590  
-1048729147.078750 239403195.192633  
1435739277.423210 -401229595.721955  
-1160782057.233720 117055790.710269  
1860192709.142310 1319800178.158260  
-270652420.416115 267446704.967517  
-615615313.139984 21115789.932495  
-376359045.792606 149787.599160  
-808272200.881318 -37406928.219601  
-151339339.017726 653321731.524904  
-36759269.137245 246444308.739968  
-1673159991.271850 1229533787.475340  
-1026859758.109120 320508848.667707  
-34900454.047255 315153333.135285  
-1456353995.038080 695455379.318354  
205867963.736013 1335311261.014480  
-463848320.535353 -433847099.388017  
-843639478.023784 -1869157964.249840  
185837875.983264 -227260222.896010  
-556752428.802666 -1489726508.662830  
-963961074.716490 -464196951.807070  
-40956242.756130 246136517.597360  
957411970.258476 1729318809.449120  
-264183650.165548 -480708269.435377  
-948087832.136500 -68396692.670520  
164745584.891258 -1577489621.095120  
249737242.207422 -518911332.148369  
-1674143347.170560 -251604099.169524  
-359726526.547291 653181959.026699  
176346633.223371 -3501738.102391  
1411673195.860450 572264911.982319  
704961507.083118 -1205122614.144390  
-66815856.561916 -1129852892.229790  
1385113765.244580 5124651.869797  
476550388.120385 -710837761.978740  
-1453025513.554190 229905579.234162  
1344834878.218750 -868645869.717241  
-603512.105033 -169456981.437618  
818254923.125557 1159484316.865160  
-406551142.676972 203772460.348915  
-356744715.342656 1508622092.964680  
212686017.659043 -189976535.351404  
-165351835.992098 -36819946.449375  
1117724957.663910 -587288474.002187  
818076379.501418 267219856.156033  
-495550612.247935 -199996384.002485  
1277369983.875950 636256109.417980  
213541191.117701 -1193129877.354590  
74534949.648748 672774942.869910  
199489972.694613 -464467948.568469  
-549506608.514818 133169962.396245  
60047171.402222 -327404584.949740  
171238877.821020 820549484.170875  
369761292.922987 335475571.977449  
451693283.216933 117598378.941923  
1355325238.147520 -1440059951.932400  
574089803.136727 -363493.675059  
383238291.892801 1340165975.341160  
-55918682.477850 278461701.531748  
-896817103.865437 -688349932.126217  
46553843.228452 408187398.113113  
-888439382.730656 534640600.286031  
-1356841596.475270 -337506694.304545  
-122566045.099769 -526699956.025204  
-215373693.163671 -877725729.985253  
272397976.919372 224037308.256156  
262350875.538263 283889983.541607  
1662041950.048120 -975563352.094971  
-1341139683.519850 625330318.978061  
1760081.841394 324924564.168279  
-1952792579.133180 1181682802.296590  
-1060883309.917650 -733930627.006910  
173501047.912904 147774264.303489  
-725788981.392312 1016428166.633340  
-1143029631.487520 1568335856.001930  
-71206237.323426 135746879.220079  
-52224572.827153 782032770.092482  
-161738516.986946 496632671.149524  
-181668536.296591 -253016390.880424  
1157379581.703600 -858708459.068749  
-398573698.734320 92019213.533714  
49048520.540247 57971955.093035  
-49739168.479211 -135591372.153914  
-107450366.603730 -203193140.143038  
-376755119.613095 63133198.279804  
-257860634.164620 -1374889649.589380  
1178861756.341570 161900858.715320  
44230690.701441 70731393.046884  
3889304.207440 18978086.758150  
1451873952.366340 588647790.715319  
1387334624.719440 -1185603701.144060  
420503549.319314 -1528170707.414660  
1641055700.765990 682787514.545594  
608753539.207958 -1553908598.761900  
-1330894538.029250 662411572.763062  
-175395754.612885 435302245.438673  
739019871.120736 157001106.703458  
-653585531.317962 709232482.395816  
727364003.796263 1213899304.103090  
744683006.110284 -252989847.581947  
-84351994.798058 -349579438.766792  
1163563186.381950 735077661.485807  
-733929517.905286 1659713005.859860  
506423749.475847 617409725.951639  
1014875968.865090 -1179946528.340360  
-638202941.751106 -894668566.579232  
569372030.811303 333305328.751070  
-12533424.857849 -1021175562.101250  
-96898160.416740 824923274.413624  
904907921.173232 -26354008.895386  
1501980381.745490 -1454322869.280040  
-73466890.959901 -669207796.839331  
-1353475402.131400 -383669222.003404  
839778761.539703 -155011939.881561  
-1278633905.274620 -86937070.898967  
231513557.101037 206704449.139416  
-137211403.818592 131586312.940292  
-368388649.368869 -97460926.964221  
-173865722.407648 -1698335044.684450  
429981998.387255 170233066.419150  
310848810.166320 -653437404.720768  
101797169.938525 -32080171.512583  
-258048062.183026 480053036.273621  
31382349.324231 -735602807.109195  
482173263.783205 -719685411.982913  
-206883822.590367 -632750700.185207  
1495703458.026640 -170994071.982809  
-540475633.519932 -423792208.951208  
-149182119.954336 -214709532.242427  
852872508.460018 -349365894.000184  
-1112647396.679900 -120801148.208136  
1575280398.185250 -41120055.305073  
-48844324.182449 876744808.341798  
16537262.673658 726196790.879365  
-550792018.469779 -627149674.869322  
-835931222.337486 273391190.069996  
5455700.736181 -1322703679.504040  
23054662.015711 -8164161.973327  
-680924304.284039 -276999021.234210  
-170187840.076755 25748582.536196  
-1612842092.495890 593939283.829532  
-654423240.586023 -396520604.674553  
-253836803.905975 231952121.472210  
-225893270.442781 892918577.177066  
-342637450.781204 596219700.273365  
-245105581.056981 44146169.180502  
-356392345.277682 234289111.220633  
-1393077820.838050 -51444483.862233  
13671644.821267 333573418.674796  
1173304526.864420 1008749374.422360  
1172389103.159190 1697523469.113160  
-1347849348.703230 -163727940.910895  
69617890.211029 791840635.166952  
199909552.990303 615798050.664649  
-160841104.085080 182648613.533269  
1835567051.646700 86939791.778427  
-85567097.553489 -135991071.681112  
103365623.269046 364435498.495690  
1074461231.910650 -2047358456.184500  
907594705.288710 118369986.195483  
-111333424.054302 403902263.369304  
-115302229.230512 24310358.801098  
458474432.410365 1237147078.897960  
-563920814.861229 912561364.072689  
-796037005.160362 284216362.696094  
605213022.845665 -549974484.902866  
-555347438.165533 -533975540.416785  
348549745.532675 -1855000049.300160  
-583388607.802794 -63717336.966335  
4886014.828974 1078826328.208660  
38184408.958941 70856892.921374  
516751607.613332 356094966.080334  
-224614345.333674 -235258091.899477  
470104698.846159 392345841.548702  
92107740.614659 785834231.994813  
721272012.032553 -746916900.380537  
-3651704.011759 -46844577.821869  
74785034.444683 -530770492.716987  
550833087.686370 274646278.356785  
-614528274.587089 1328326557.714740  
1142024637.862500 487553799.048109  
1075166980.071900 -110886115.195330  
-330797559.073057 1300116971.708750  
249733380.685412 99996895.648244  
1319792838.604470 134497913.390601  
-6789498.272157 316249130.656965  
285149868.778831 -215290.197577  
-85552244.884269 -28966159.602725  
-1563849179.520900 -143425393.127675  
-1609763519.150530 -88899555.825936  
-432112483.874771 893114726.237613  
60543617.746106 186161387.007687  
1054448664.730290 -443468637.846349  
-216136694.879988 -10051101.575247  
-167322997.303301 211261975.934059  
47813608.472794 126180328.642893  
-165331418.991822 -55995047.527392  
1815380482.748610 -90226866.544655  
-995627449.412766 439043700.512951  
-141146129.844540 -1381941164.956930  
78921703.157455 60130980.905602  
141424412.514806 -1138933856.333120  
-675428130.451487 -814402306.975816  
-141261237.299831 -93564694.752149  
334887819.975081 61911389.546685  
836355408.807521 851224700.112655  
811126419.887426 -1239566361.894380  
701383474.226028 783072168.238505  
131966208.592567 -969051157.188771  
-617158512.593710 -271271505.337191  
-975304677.269283 -66550414.147259  
70658650.441471 285406211.241094  
-31767352.361984 74530787.835315  
-331006112.654497 -684265863.688346  
-1324351703.414860 -370520065.061898  
-258772001.196633 161112773.453505  
-721144866.609255 -1141939656.208060  
9902088.294719 -1383630927.669430  
1285464001.188590 -610712491.390467  
301373040.533139 858579619.194969  
-218273141.675582 76019781.687103  
92555774.487630 453694616.325715  
159410246.514928 -772980095.786493  
-142767969.365289 112860658.695368  
