20 200 2
0.010678 -0.144601 -0.878493 -1.254221 -1.406317 0.768828 0.475194 -1.316010 1.487146 -1.392715 0.025205 -0.090210 -0.456334 0.889864 -0.122487 -0.349702 -1.113746 0.084003 0.786719 1.414250 
0.404213 -0.037682 -0.098895 0.387265 -0.657072 0.803697 0.024352 -1.633738 -0.869298 -1.761062 1.518488 -1.528937 0.084603 -0.907275 1.971819 -1.374053 -0.342012 1.175908 -0.081185 0.147189 
-0.315456 0.083927 1.849620 1.084923 1.257416 0.572710 0.008047 0.121192 -0.841213 0.908289 1.667287 -0.908157 1.055916 0.235659 1.113409 -0.301431 0.557184 1.339194 -2.428610 0.835112 
-0.587904 0.267952 0.248247 0.775355 0.817199 -0.114215 0.084021 0.647776 -1.350297 -1.054739 1.981043 0.027171 1.484533 0.384829 2.179130 -0.583557 -0.379654 -2.156788 0.220800 -1.675062 
0.063037 -1.365742 1.463238 1.184994 0.775470 0.579614 -1.022332 0.048538 -0.596594 -0.909209 -1.017764 0.210577 -1.278784 -0.421425 -1.254591 0.472104 -0.227337 0.042473 -0.502064 0.761225 
-1.782066 -0.929830 0.435850 -0.130096 0.178187 0.247696 0.069251 0.434348 1.536114 2.346636 0.111983 0.888906 -0.265666 2.075141 1.419816 1.452152 -0.391203 0.809653 0.603827 -0.313872 
1.135275 -1.383850 -1.305325 1.002838 -0.242628 -0.598494 0.164402 0.213092 -1.935602 1.192026 1.091894 -0.433320 1.664734 -1.179528 -0.467600 -1.310734 0.160567 -0.660873 1.204714 -0.191606 
0.976835 -0.145990 -0.085999 -0.520475 -0.486418 0.855823 0.046543 -0.508741 0.420846 -0.914133 -0.195127 -0.677634 -0.372049 0.269959 1.736638 0.130954 -1.204617 -0.289917 0.147468 0.963782 
0.706292 1.185601 0.196527 0.392161 1.652112 -0.205616 1.086287 1.131794 -0.553195 0.539134 -0.678149 0.149371 -0.075854 0.987625 -0.938063 -0.098424 0.479109 -1.366973 -0.631646 -1.694949 
-0.883578 1.704974 -1.705712 0.201236 0.122318 0.939089 0.855693 1.719941 0.516885 -0.789068 0.365211 -0.489898 0.548292 -0.961772 -0.184999 -0.394984 0.441166 1.651795 0.850138 -1.053167 
-0.563414 0.393331 0.941079 1.182458 0.261913 -1.768511 0.095568 2.449518 1.100984 1.369260 1.722226 0.564767 2.981283 1.791142 -0.158162 -0.651551 1.061234 1.214265 0.484902 0.715944 
0.070269 -0.471393 -0.100166 -0.859340 0.537979 1.419995 -1.844713 0.160566 0.811000 -0.841771 0.027568 0.311832 -1.405192 0.506428 2.089277 0.652901 1.479526 -0.183513 0.478115 1.255515 
-0.231305 -0.635480 -0.704121 1.348347 -2.139131 1.058763 0.040146 -0.018661 1.610486 -0.834686 0.514214 0.002530 -1.429327 -1.354869 0.856034 1.680944 -0.947512 -0.744321 0.554968 -1.529556 
-1.232594 -0.599036 1.696263 0.179377 0.448546 1.050113 0.439537 -0.148627 1.060303 -0.286734 -2.366803 -0.103363 -1.592175 -2.666736 0.951343 0.337910 0.176724 0.605105 -0.397521 -0.161445 
0.168586 0.000927 0.699016 -0.827347 -2.090009 1.150337 0.436219 1.018994 2.265102 0.212608 0.613905 -0.389799 1.282648 -0.125135 1.629199 0.096276 1.620736 -1.186654 -0.319336 -0.936796 
1.028956 -0.063429 0.180987 -1.087108 -1.880934 -0.804250 0.183969 -0.748760 -1.283478 -1.115540 0.799192 -0.711831 0.914829 -0.960640 0.707764 -0.549437 3.566029 -0.658576 -0.163453 -0.524809 
-0.889559 2.218968 0.446706 0.242450 0.524982 0.488371 0.890861 -0.257085 0.185284 0.984756 0.904102 0.052737 -0.513404 -0.537248 0.577956 1.243152 0.191369 0.954403 1.132978 -1.188727 
-1.294940 -2.078173 -0.350198 0.171989 0.155084 1.116939 -0.857206 -0.522245 -1.065227 -1.094228 -0.576631 1.314314 0.744498 0.063232 -0.071959 -1.293548 1.640152 0.237256 0.508515 0.398669 
-1.666027 -0.089543 1.083272 -0.903901 1.217684 0.917775 0.194875 0.010626 -0.938466 -0.448085 -1.803222 -0.711472 0.290747 1.138634 1.574835 0.387395 -1.882666 -0.690172 2.427195 0.408765 
1.997459 -0.663278 0.010399 1.252414 0.651176 1.459779 0.258905 2.705018 -1.527467 0.359633 -0.796384 -0.873690 0.746676 -0.863248 0.270156 1.376162 -1.092768 -0.344879 0.063427 -0.325649 
-1.608109 -0.198611 -0.873810 0.299237 2.858172 1.489730 0.947584 0.296063 0.231015 1.610147 -0.634270 -0.990700 -0.496341 0.366260 1.048238 1.587647 -0.093366 -1.902609 1.215805 0.180911 
0.021344 0.333436 1.167479 -0.055916 -0.267406 0.486380 0.574317 -1.615661 -0.237230 -1.392407 -1.106910 0.225046 -0.880745 -0.381890 1.412919 -0.304252 0.319252 -0.075027 -0.598735 0.240204 
2.709891 -0.112933 -0.542609 -0.677988 0.073647 0.385327 1.051025 -0.009661 0.848835 1.400645 -0.036656 0.671819 0.399409 -0.164061 0.730882 0.605046 -0.592899 -0.523562 1.173224 -0.066702 
-0.612796 0.942284 -1.453514 -0.363175 -0.188392 0.987081 -0.033147 -1.211179 -0.962469 1.526478 -0.129129 0.163414 -0.470061 0.768481 -0.076342 -0.947057 -1.413084 0.987459 2.050054 -1.883553 
0.400812 1.267767 0.466949 -0.062007 2.326703 0.137681 -0.105374 0.587222 0.816479 -0.112791 -0.302559 0.545765 -0.463909 0.140624 -0.383555 -0.354168 -1.117805 1.042455 0.879460 0.593736 
-1.212912 1.216513 -1.159248 1.145330 -1.835754 -0.508231 0.067155 -0.945498 -0.650118 0.364358 0.568127 -0.968413 -0.822624 -0.730187 0.977597 0.343931 -0.089299 -0.131784 1.797375 0.725887 
-2.068102 0.677347 -1.568367 0.894492 0.411589 -1.503070 1.248127 -0.063570 -1.216606 -0.666780 0.912425 -0.200134 0.084904 0.337852 2.193648 0.046520 -1.581434 0.509328 0.919900 1.673849 
0.797502 0.494272 1.327870 1.112434 -1.642096 -0.295294 -1.171824 -1.163323 0.004469 -0.635175 0.647278 -1.146023 -0.394215 0.654859 0.167580 0.931156 -2.542171 0.985934 1.269211 -0.790653 
-0.654052 -1.661147 0.120248 -1.434178 0.677689 1.618383 0.860446 2.192151 0.620769 0.380161 0.673213 2.771662 -0.327610 -0.121638 1.071398 0.247764 1.422676 1.880102 -0.264598 0.886589 
-0.792091 -1.065832 -0.996041 -0.070223 -1.751021 1.133358 0.235028 -2.386777 1.637741 0.035113 -0.741613 -0.296409 0.571185 -1.153263 1.488017 0.855921 0.379636 1.853806 -0.767735 -1.027131 
-1.601630 -0.869899 -1.295010 -1.113479 1.840726 -2.085716 1.119176 -0.324527 -0.947359 0.838318 0.617063 0.025927 0.812689 0.620080 -2.378118 0.708973 0.291429 -0.438706 -0.930627 -0.398893 
0.917164 -0.314072 0.388221 0.107594 0.893211 0.299905 0.148410 0.060470 -1.419051 0.183535 -0.352537 0.660240 0.683721 0.733456 -0.453547 0.930791 -0.714584 0.980600 -0.414694 -0.617118 
-0.091168 0.531845 1.482981 0.841955 0.469677 -0.769907 -0.953100 -0.511111 2.011053 -0.159638 -1.078545 -1.198508 0.022744 -0.269744 0.206001 -0.841793 -0.725501 0.185869 0.958171 -0.210060 
-0.187796 -0.325212 -0.059711 -0.298688 1.097218 2.494921 0.061773 -0.216435 1.053956 -0.986237 -0.332706 0.317589 1.321309 0.602304 0.676312 -0.230446 -0.035429 0.549085 -0.719590 1.530951 
1.359532 2.035246 0.147380 -0.924426 -0.385938 -0.322652 -0.797271 -0.258267 0.875129 -0.451837 -0.210555 -0.586941 1.023243 0.798031 -1.257943 -2.011231 0.482474 0.101306 -0.002381 -0.890856 
-0.155979 0.225640 0.615298 0.303771 2.655792 -0.910734 -1.416955 -1.164450 -0.180400 -0.740531 0.020202 -1.893945 0.336607 -0.064206 0.770213 0.884610 0.880230 -0.654896 0.546704 -0.342143 
1.036666 0.683843 -0.060443 -1.260257 0.432076 -1.111359 -0.936747 -1.951670 0.560250 -0.816822 1.008394 -0.357075 -0.977362 0.162284 1.165134 0.320349 -0.066975 -0.156335 1.599150 -0.219369 
2.328943 -0.460255 1.836934 0.183595 -0.091071 0.092871 -0.047018 -0.693173 -2.068793 0.243482 -1.967143 -0.423340 2.016543 -1.870922 -2.731832 -0.112120 -0.343207 -1.914133 0.239307 -0.202343 
0.645993 0.908941 -0.209056 0.788829 0.263719 0.308848 0.369920 1.668523 0.066999 0.878933 0.900450 -0.261027 2.462987 0.173397 1.284660 0.408768 0.556809 -0.091714 -0.343528 -0.055091 
-0.001896 0.024039 -0.451142 -0.119765 -1.110521 -1.164412 0.266292 0.463446 -1.420860 1.435831 -0.112769 -0.819869 -0.894333 -2.074053 -0.521685 -0.840736 -1.817860 -0.188061 -0.726659 -0.874507 
0.919530 -2.129437 -0.462543 1.747172 -2.372087 1.482647 -0.023683 -2.338887 -0.235150 0.595944 0.452603 -1.202560 -1.001721 0.225578 -0.506806 0.874593 -1.100729 0.424478 -0.905219 -0.859908 
-1.687521 -0.682206 1.961146 0.288760 0.261404 0.368420 1.410085 -0.159889 -1.485700 -0.484188 0.498371 1.209233 0.014344 3.019866 -0.203343 0.967195 0.378311 -0.334701 0.114903 0.802723 
0.631692 -0.778157 -0.851680 -0.617475 0.056666 -0.947079 -0.651323 -1.910000 0.605885 -1.650474 -0.767161 -1.128573 0.631903 -0.894421 -0.044924 0.144827 0.987797 -0.057778 -1.621139 1.280488 
-1.525536 -0.615402 -1.718475 -0.511797 1.044177 2.564074 -1.545684 1.304191 0.462403 0.545041 0.780175 -0.003973 -0.412545 0.785780 0.262811 -0.614003 1.399011 -0.086715 0.281227 -1.104563 
0.402863 0.737530 0.031162 -0.952629 0.051418 -0.378574 -0.013325 -0.036957 -0.496714 0.573926 0.870958 0.477041 -0.017742 0.717514 -1.371177 -0.161455 0.035748 -0.436905 -0.300332 0.137836 
0.256612 0.737906 -0.901883 0.666080 -0.111817 -2.520371 0.284605 0.224185 -0.655289 0.161158 -0.879873 -1.532554 0.659297 -0.367636 1.075384 0.152003 0.180919 -0.194163 -1.815951 0.650785 
0.829772 -1.627556 -1.755820 1.380371 1.399905 -0.138276 0.817407 -0.647116 -0.171120 -0.243552 -0.227757 0.914794 -0.901371 0.417131 -2.010248 0.473594 0.437362 0.863867 -1.068634 -2.002361 
1.801760 0.884966 -1.162046 -0.513613 0.179779 -0.586161 -0.795937 -1.149369 1.827085 0.447618 -0.084354 1.383856 -0.898709 0.498658 0.072955 0.350158 -1.540768 -1.799114 0.117011 0.178743 
0.413480 -1.775051 0.510087 0.853532 0.727734 -0.104320 1.126073 -1.080840 -1.296031 1.093929 -0.343426 -0.041344 0.261499 -0.258992 -0.544231 0.503607 -0.409009 -0.484541 0.490086 -1.307837 
-0.747379 1.627817 1.534687 -2.156293 0.524794 0.837166 -0.048838 -0.019309 0.693670 1.791040 -0.247889 -0.656212 -0.301843 1.252872 0.603863 1.587078 -0.625733 -1.105711 -0.691349 -1.621268 
-0.873382 0.647851 0.683286 1.858056 -1.624652 0.913943 0.603161 -1.291841 1.151125 0.735959 1.355366 0.496088 0.512661 0.248725 0.764426 0.935903 0.249389 0.453604 0.283423 -1.279547 
0.485620 -0.281636 0.832038 -0.853420 -1.387469 0.485860 -1.656526 0.061650 0.492767 -2.064439 0.447939 -1.378684 -1.733194 0.331583 -0.110664 0.257224 0.745760 -1.421764 -0.568850 1.245902 
0.208934 0.968253 -0.491470 -0.138033 -0.213413 1.715662 -0.262283 1.005660 -0.433676 1.141516 1.479716 0.247198 -0.604670 0.717130 -0.219589 -1.473828 -0.456258 0.505065 0.595512 1.191473 
0.795678 1.339897 1.206269 0.466479 -0.397882 0.140084 1.336983 -0.679854 -0.324672 -0.640699 0.300290 -0.309950 -0.666721 -0.480478 1.083427 1.782645 -0.335408 -1.182330 1.690239 0.604844 
-0.035527 1.266582 -0.973906 0.160092 -1.133612 0.048130 -0.628596 0.477147 -0.602607 -0.506978 0.051645 -0.108477 -0.835201 -0.797264 -1.762194 -0.671054 1.731524 0.919498 0.235672 -1.013724 
3.210378 -0.953922 0.179840 -0.738512 0.610268 0.521106 0.032875 -1.183517 -0.556144 -0.955359 0.241532 -0.228092 -3.244131 -0.939057 0.401748 -1.078197 -1.633503 0.590415 -0.547839 -0.400374 
0.294028 0.669496 0.342243 -0.123531 0.596132 2.015584 1.029137 -0.046181 0.672538 0.027605 -0.227452 -0.881359 0.004058 -0.354795 -0.849186 -1.800428 -0.072935 0.074821 1.739425 0.527747 
-0.388226 -0.465552 -1.080346 0.435939 -1.491818 -1.945796 1.079411 -1.369143 1.055360 -1.270308 -0.910074 -0.683225 -0.171319 1.531431 -0.790629 -0.813957 0.523925 -0.209069 2.320701 0.656317 
-0.523382 0.508411 -0.821891 0.602250 -0.377735 0.769512 -0.424186 -0.735078 0.070896 -0.319435 -0.591461 -0.667638 -0.230654 1.631225 1.814344 -2.346870 -0.622413 0.436738 0.233100 0.502805 
-0.981615 0.409802 -0.299054 -1.003177 1.588753 0.572711 1.247163 -0.253617 0.512181 -0.296572 0.709388 -1.085898 -1.394287 -0.283015 -1.032701 0.855967 1.134067 -0.375715 -0.207204 -0.497018 
1.256850 0.499726 0.137631 0.856234 0.011729 -0.287554 -0.156891 0.764634 2.971061 0.943470 1.325940 0.487465 1.047167 -1.199083 -0.942096 -1.108730 0.578209 1.639502 -0.332429 0.130432 
-0.049961 -0.888894 -0.618552 0.850142 0.039309 -1.055168 -0.199751 -0.938662 0.251710 0.012021 0.216782 -1.444720 -0.824279 -0.615127 0.324407 0.309381 -0.332420 -0.210717 0.555726 -1.625500 
-1.652275 -0.655186 -1.307349 -0.662736 1.405063 -0.242586 1.143568 1.004158 0.342493 1.351481 2.018468 0.847055 -0.503094 0.311202 -0.399704 0.987127 -0.870895 -0.239078 0.685756 -0.188653 
-0.356015 0.199091 -0.000540 1.308429 0.179421 -0.253587 -0.268091 0.725191 -1.033094 0.941024 -1.073974 -1.586353 -0.405066 1.000693 0.117113 0.274196 -1.084464 -0.279980 -0.822088 0.026398 
-0.730490 -1.583823 -1.002156 2.732489 1.132221 0.283354 2.603620 -1.588143 1.111154 -0.030979 -0.221669 -1.077486 0.410240 0.542664 -1.110059 -0.178196 -1.139717 -1.282708 1.749734 -1.135417 
0.922329 0.159541 -0.084973 -0.209985 1.676505 1.878216 0.914641 -0.384545 -0.218829 -0.282660 -0.568774 -0.074200 0.173742 -0.852840 0.380244 2.427729 -0.218528 -0.021932 0.327745 -1.372875 
-0.477457 -0.880588 0.451202 0.960149 -1.226491 0.362308 -0.059755 1.471048 -0.264114 0.330207 0.588558 -0.687173 -0.900757 2.038882 -0.105240 -0.721790 -0.904942 -0.205348 1.649347 -0.144816 
-1.415425 0.130010 0.066486 1.649649 -1.328019 -0.702215 -1.334954 -0.321648 -0.351376 0.017353 -0.557723 -2.497113 -0.183694 -0.679156 -1.312783 1.599782 -1.498456 -0.122391 0.930787 1.489884 
1.024911 0.749197 1.667395 2.470585 -1.444052 0.045584 0.637523 0.431290 -0.026304 -0.996583 -1.931158 0.616326 -0.664924 0.131126 -0.995610 -0.992431 0.178218 0.261974 -1.336748 -1.078225 
-0.271372 1.282250 1.209352 -0.791796 -0.703972 0.450265 0.991112 -0.007760 1.238538 1.501445 0.107941 0.145753 -1.935063 0.377713 -2.177517 1.491774 -0.626327 -1.441372 -1.200467 -0.747695 
0.199992 -0.140061 -0.535187 0.414904 -0.725556 -0.421284 2.018018 -1.249441 -0.439715 -0.436057 -0.265240 0.061572 -0.512540 0.169413 -0.341651 -1.322161 0.582188 0.903352 -2.288817 -0.798084 
-0.806588 0.685677 -0.383381 -1.607479 -0.369244 0.412237 -1.454191 0.409542 1.549624 -0.630227 -0.941968 -0.529838 -1.063862 0.184682 -0.398552 -0.634099 -0.563518 0.576656 -0.750605 1.077292 
-0.717512 1.238989 0.586038 -1.074629 1.533787 0.004159 -1.145438 0.752583 -1.412736 1.286000 0.609226 0.933616 2.080369 -0.052097 -0.729299 -1.960469 2.246968 0.821826 0.728530 -0.485718 
-0.368248 -2.033016 -1.046371 0.162295 0.637636 -0.548441 -0.540241 -0.098818 -0.298248 0.151710 -1.170039 1.915778 -0.139673 0.597573 -0.859618 -0.114626 1.537998 0.276255 0.398590 -2.083386 
-0.506361 -0.997015 -0.749297 -0.194871 0.830345 -2.504625 0.520759 0.321344 -0.925368 -0.252858 -2.224280 0.284336 0.815937 0.470676 -0.785920 1.042457 -0.576845 -0.822413 1.186713 0.078054 
-0.144954 -0.516180 0.882977 2.293946 0.151670 -0.588892 -0.764469 0.224558 0.143049 0.606518 -1.173678 -1.048669 -0.369375 -1.040825 -0.322934 1.201026 -1.507614 0.007466 -1.444034 -1.112068 
-1.411320 0.377657 2.018686 -0.017751 0.253723 0.006593 0.553750 -1.478686 -0.392288 -0.575595 0.439257 0.188462 -0.247926 -0.589136 1.868970 -0.110357 0.085422 -0.161441 0.311099 -0.212505 
0.991603 1.921957 1.011292 0.037567 -1.671802 -0.849253 -0.121905 0.396587 -0.662594 0.945749 0.364195 -0.371542 1.776040 0.397222 1.517512 -0.076053 0.278610 -2.267272 -1.043124 -0.135312 
0.295039 -0.800224 0.450432 0.167499 -0.294896 0.392305 0.791032 -0.383931 -1.151599 -0.360171 -0.533651 1.422891 0.861726 -0.443501 -0.436026 0.606863 -2.484961 0.037320 -2.849354 0.465633 
1.749871 0.725530 -0.874742 0.867597 0.695269 -0.577479 -1.854534 0.350657 1.105039 0.907440 0.074649 -0.682517 -0.751913 0.759694 -0.926872 0.221212 0.619376 0.510498 -1.166137 -1.753690 
0.867609 -0.606792 -1.372881 -0.159845 -0.138498 -0.637225 0.311551 -0.359704 -0.337974 -1.249998 2.498144 0.420368 0.605032 -0.223268 -0.275091 0.292183 -0.162341 -0.141349 -0.447063 0.465598 
-0.447585 -0.341231 -0.890518 1.424615 1.909331 1.691179 0.097361 -0.070500 1.313458 1.960210 0.674842 -0.192482 -0.624162 1.130038 0.819927 0.262360 -0.692101 -0.571842 -1.149409 -0.331062 
-0.379283 2.250690 0.114753 -2.122345 -0.820450 1.267635 -0.942680 1.455563 -0.714150 0.934405 -1.220267 -0.850140 -0.742825 1.766173 -0.100905 -1.533649 1.533649 -1.305176 -0.428124 -1.088753 
1.392099 1.608389 0.792189 -1.292942 0.367528 0.821916 0.859395 -1.084016 -0.696972 -1.286066 -0.469488 -0.512138 1.756395 0.400152 -1.291300 -0.404681 0.267657 0.574875 1.948644 0.108310 
-0.606865 -0.021482 -0.148683 0.659431 1.193788 -1.007842 -0.930330 -0.360648 -0.437678 0.989925 -0.536499 -2.004289 -0.206500 0.189467 -0.470468 0.660148 -0.329761 -1.082261 -0.628940 0.960784 
0.060662 0.327165 -0.014253 1.368312 -2.002825 -1.433333 0.346712 0.198598 0.323697 -2.039757 -0.255088 -3.004207 -0.758047 -0.005954 0.882845 -0.823974 -0.263436 -0.362718 -0.748233 -0.380377 
-0.542471 0.991135 0.327108 -0.388951 0.159546 -0.103906 -0.073236 0.670820 1.174774 -0.501897 -2.100972 2.300801 -0.011518 -0.567922 1.069654 -1.178112 -0.419969 0.843598 0.798974 0.080622 
1.152722 -0.788950 0.007039 0.203149 -1.720332 0.581181 0.880265 -0.859895 -2.281649 0.106054 0.914818 1.253992 -0.305184 1.305327 -2.104538 0.141810 -0.602321 -0.396442 -0.414357 -0.120004 
-0.955033 1.571843 -1.031956 0.219519 -0.736565 0.851162 -1.977779 0.248388 0.359705 0.238440 -0.267045 0.927030 -0.071411 1.234695 0.601364 -0.248754 -1.450880 1.129937 1.528466 -1.534918 
-1.404939 0.882541 0.541279 -0.131068 -0.368576 -1.465186 -2.206213 -1.423818 -1.216371 -1.189161 -0.695890 -0.712411 1.276067 0.048995 0.221356 -1.264157 0.974864 0.926716 1.144005 -0.446120 
1.640788 -1.673049 -0.064277 -0.168168 -0.320325 -0.541068 -0.923583 -1.749165 0.373986 0.280983 1.033687 -1.099618 -0.610483 -1.460825 -0.837354 0.245526 0.911262 -0.367350 0.400024 0.239272 
1.842560 2.127537 -1.426352 -1.042453 1.555657 0.198049 0.627923 1.136172 -0.739262 -0.894934 1.119154 -0.351987 -0.719859 -0.089582 0.530259 0.043894 -0.779574 -0.262677 0.965447 0.909085 
-1.924886 0.523981 0.238241 1.112815 -0.747354 1.126388 -0.996328 -1.169068 0.562259 1.001173 1.403519 2.991410 0.216606 0.241545 -1.081483 -0.205888 -0.774845 0.303431 0.755077 2.052563 
2.253652 0.704715 0.555718 -1.474760 0.563881 1.013971 1.506374 -0.344535 0.241371 0.858595 0.092005 -0.540028 -0.765119 -0.870206 -2.243225 -0.406744 0.329552 -0.064800 0.476862 -1.700873 
-0.448137 1.965654 2.207399 1.463333 -0.097121 0.357946 -0.240681 0.170740 -2.085666 -1.296429 0.313064 -2.013081 -0.490168 -0.480461 -0.068428 -0.552468 -0.479440 -0.505462 -1.664764 1.548848 
-0.520584 0.339222 0.015724 1.519388 -0.134230 -3.083335 -0.652054 0.668718 1.381353 -0.323206 1.239291 -0.251242 -0.492924 0.837099 -0.260610 -0.330440 0.478708 -0.554945 -0.550272 -0.344024 
1.402514 -0.508185 0.513782 1.242482 1.300223 -0.389940 3.079588 -0.324912 1.672130 1.890214 -0.347299 -0.630261 -1.307767 -0.774008 0.006094 0.148631 0.542122 -0.266178 -0.398287 -0.231376 
0.317563 -0.348568 0.754990 -1.614076 -2.271036 -1.905182 0.741560 0.058431 1.061387 1.187405 1.964332 -0.515771 0.913818 0.105808 -0.960128 -0.131546 -1.516404 -1.653121 0.066490 1.471084 
0.514631 -0.407570 0.500546 -0.843839 -0.750046 -0.669059 1.153996 -0.152540 0.327411 0.203858 -0.070321 0.129656 -0.593252 -1.075992 -1.024596 -0.844635 -1.358766 -1.667039 1.187773 -0.333802 
0.360287 -1.028499 0.242377 0.953867 0.515004 -0.406975 -1.950767 0.460067 0.014983 -0.164237 0.032652 0.180361 -0.168990 1.363945 0.613912 0.681612 0.016417 0.932513 -0.208131 1.972049 
0.850764 -0.383698 1.660285 1.015140 -0.442431 -1.075405 -0.981869 -1.598849 -0.238645 -2.626598 0.385411 0.733082 -0.766201 -0.522463 -0.532453 1.157646 0.497499 0.104919 2.666031 0.586246 
-0.271678 0.720837 -0.985631 0.567349 -1.120161 -0.265764 0.764178 -1.166147 0.876635 2.770470 -0.727513 0.173576 -1.377269 0.783162 2.229457 0.770325 -1.526068 0.179320 -0.648434 0.927734 
-0.580973 -0.655056 0.768261 -0.084040 -0.211755 0.260327 -0.422394 0.273404 0.878252 1.170263 -0.613206 -1.231792 0.051581 -0.767098 -0.101615 0.388641 -0.787706 -0.726257 -0.935460 0.669398 
0.261621 0.250462 -0.213088 -0.722764 -0.930468 -0.177364 -1.019817 0.475775 -0.967901 0.150452 -0.081796 0.045432 0.948764 2.005866 -1.391194 -0.109083 -0.195415 -1.155464 -1.178966 0.939466 
-1.499356 1.628314 -0.304095 -2.188100 -0.690501 0.335208 -1.081743 -0.887399 1.516708 -0.807474 0.440361 0.064881 0.699877 0.773762 -0.629866 -2.681553 -0.183760 -1.855896 -0.440315 0.755974 
-1.006512 1.131391 0.109594 -0.029619 -0.018504 0.544533 -0.619725 0.222159 0.402758 0.076371 0.167450 -1.325007 1.115439 -0.935998 -0.175514 0.453309 0.798614 0.109416 0.524146 0.972405 
-0.940244 -0.470114 -0.913270 -0.120098 0.349771 1.128136 0.097316 -0.249451 2.707455 -0.650739 1.046741 -0.126919 -0.812135 1.113683 0.150105 0.009852 0.435752 0.925174 0.680851 -0.520090 
0.025956 -0.452703 0.772070 1.263542 1.341681 -0.471408 1.179322 1.217314 -0.811701 -1.338336 -0.080082 -1.331416 1.592847 0.280646 2.633521 -1.931109 1.510422 -0.485805 1.921071 0.217550 
0.016792 0.978000 -0.806413 -0.228201 -1.307192 2.217140 -0.906955 0.848982 1.251154 0.438463 0.691787 0.419898 -1.263210 0.106404 0.560941 -0.044368 -0.313899 -0.047879 0.013281 -0.968897 
0.158934 1.634188 0.657926 -0.427867 0.099465 -0.309052 -0.124578 -1.309245 -0.269310 0.057353 -1.421709 0.142569 0.757426 -0.021058 0.293648 0.192844 -1.745706 -0.713336 -0.913604 -0.227887 
0.765482 0.324797 0.552982 0.856882 -0.144599 -0.172201 1.055289 1.342982 1.012947 -0.496876 -0.745055 1.251348 0.415062 0.556551 -0.107991 0.735223 0.136386 0.697434 -1.035049 -0.093146 
-1.933161 1.137711 -0.211985 -0.368619 -1.802214 -0.216755 0.797497 -0.564996 -1.538276 0.439896 1.823256 0.004555 -0.297672 -1.041535 0.423788 0.760641 0.926323 0.474064 0.290967 0.603528 
0.338782 1.294163 -0.342552 0.903333 -0.622614 -1.258523 0.009637 -0.386427 -0.136171 -0.512766 -1.685232 1.200960 0.862110 0.493548 0.163328 0.801921 -0.810109 0.616530 -0.554198 1.022370 
0.874224 0.765240 -0.315789 -0.309558 0.056619 -0.601021 -0.824053 -2.092584 0.062772 0.196311 0.676618 1.354126 -1.791633 -0.304361 1.013618 -0.904337 0.524186 -0.567851 2.800456 0.693908 
-0.270414 1.340684 -1.415164 -1.802084 -0.554572 0.224350 0.744856 -1.095422 -1.482279 1.117740 -0.143989 -0.765556 2.276623 -1.761962 0.656170 -1.040978 0.857264 -1.365649 -0.796929 -0.155147 
-2.105334 0.286611 -2.592298 -0.610565 1.826205 -0.331614 0.771662 -1.065463 0.267547 0.710987 0.146146 0.648102 -0.421458 0.756597 1.387745 -0.590463 -1.603404 -1.980567 0.376449 -0.121367 
0.834162 0.552759 -0.004210 0.140735 -0.260049 -0.267320 -1.213739 0.735240 0.206759 -0.815667 -2.002951 0.071648 -0.084779 -1.533010 -0.339970 -0.842899 -0.189808 -0.252359 0.062007 -0.201627 
-0.553713 1.837548 0.146392 1.019858 -0.363507 -0.098224 0.923580 -0.281866 0.555031 0.251562 -1.424313 0.977651 -1.923681 -1.185052 0.506079 0.826666 0.466826 -1.541906 0.230058 -0.815642 
0.213978 -0.320091 -0.456673 1.006152 -0.818862 1.164704 1.019741 -0.755816 2.181109 -0.251037 -0.236163 -0.819408 1.098585 0.460047 -1.567102 -0.500504 0.243195 1.777897 0.864562 2.876387 
-0.904215 0.797241 -0.342687 -0.474431 0.456566 -0.972395 1.234748 0.093779 -1.321678 -0.646979 -1.408899 -0.881635 0.216435 -0.372073 0.433663 -0.908744 -0.342750 0.411612 -0.640768 1.728173 
0.764658 0.633708 -0.668122 -0.313108 0.271496 -0.422731 -0.414842 1.358881 -0.183833 0.716086 1.242694 0.812861 1.852415 -0.213400 -0.901023 0.199021 1.353997 -0.626441 0.473317 -1.126491 
0.031937 -0.052644 0.017652 -1.313045 0.717367 1.589242 1.319184 -0.521758 -0.392728 -0.279209 0.079149 -0.088833 0.751307 -2.485702 -0.202533 0.493960 0.164218 0.924294 0.691117 0.227935 
-0.492435 0.300420 0.201395 0.967456 0.927967 0.786824 -1.742439 -0.235080 0.195758 -0.461155 -0.610392 -0.389041 0.205154 -0.151195 -1.462713 -1.225015 1.660935 2.465693 -0.794986 0.856700 
1.413353 0.282653 -0.984056 0.078015 -1.184507 -1.018614 -0.020389 1.404428 -1.434136 0.805536 -1.361236 -0.193788 -0.141611 0.719422 -1.715404 -1.399734 -0.532508 0.420528 0.506801 -0.353405 
-0.070867 0.078123 0.455322 0.607023 -1.326926 -0.512261 0.601432 0.550973 0.561753 -0.835698 0.960898 -1.620655 1.962777 0.854088 0.259903 0.395983 0.543301 -0.526993 -0.763653 -1.169764 
0.288165 0.396862 1.368982 0.492780 -0.812768 0.003735 -0.610594 -1.189139 1.241521 0.480676 0.581711 -0.634937 1.128426 -0.457031 -1.070494 -1.900383 0.778158 -0.110804 0.598902 -0.707368 
0.162158 -1.220620 0.754408 -0.031284 0.788072 1.121704 0.235409 1.550617 0.815839 1.807015 -0.555462 -1.638336 -1.027598 -1.863174 -0.881694 0.105831 -0.332980 1.911802 1.143262 -0.628447 
-0.588095 -0.042349 0.317342 0.213605 0.660362 0.270552 -1.511976 -1.998814 0.301277 0.359111 -0.203997 1.374233 -1.513672 -0.846275 0.820154 -0.292470 -0.389502 0.079229 -1.102535 -1.750608 
0.951366 0.180794 1.078554 -0.331591 0.595805 0.069680 0.931819 -1.279700 1.368319 -0.031016 0.760969 0.332254 -0.557858 -1.224998 -0.035020 -0.860783 -0.499076 0.224258 -0.615913 -0.667887 
-1.525613 -0.712273 0.719758 0.021578 -0.764475 -1.599266 -0.010905 -1.487391 0.453538 1.068992 -1.058029 -1.012571 1.047519 0.835377 0.131121 1.081315 0.117487 0.674054 1.155248 -0.470685 
1.507500 0.981323 -0.595116 -0.058060 -0.190838 -1.428289 -1.043592 -2.135127 -1.699599 1.067418 -0.189404 -0.029969 0.781210 1.385283 -1.139383 0.002379 -2.241758 0.465722 -1.324520 0.229000 
1.281307 1.453481 -0.617531 0.601921 -0.277785 0.595921 -0.325834 0.559352 0.113672 0.176077 -0.036032 0.275653 0.102997 -0.093267 0.384610 0.440102 -0.018616 -1.460738 1.051584 -0.384719 
-0.564602 0.419650 0.730782 0.986560 -1.243373 -0.030111 1.033823 -0.053890 0.947974 0.098300 0.125396 0.150158 -0.224102 0.090120 0.188532 0.368319 0.094131 -0.447538 -0.287328 1.191555 
-0.982367 0.174153 0.423960 -0.468515 0.155554 -1.043959 1.627125 0.136993 -0.437940 0.749433 0.254388 0.288290 0.401077 0.641727 0.710485 -0.366843 0.420289 1.216710 -0.142947 -1.291135 
1.096341 -0.341035 -1.209566 1.164595 0.131528 1.745102 0.076773 -0.026592 -0.211313 -0.385243 -0.289439 0.428734 0.667619 -0.689510 -1.720814 -0.584220 0.952192 -1.144048 -1.300493 1.474072 
-0.901966 -0.811539 -1.413863 -0.125473 0.471690 0.148449 -0.509012 -0.682053 -0.862849 -0.563906 -0.489394 -0.435438 -0.267784 -0.719931 0.710083 -2.029191 -1.137428 1.620076 -1.705139 -0.553764 
1.148328 0.915609 0.704650 0.586695 -0.132312 1.102217 0.668129 0.569839 0.772361 0.973153 0.035814 -1.239016 -0.576552 0.601911 0.310945 1.786371 2.087184 0.888193 -0.434315 -0.116277 
0.022015 -1.696678 2.823835 0.513253 0.997741 0.369549 -0.617353 0.179050 0.747613 0.217481 -1.787258 -0.111708 -0.954528 -1.256679 1.057579 -0.523521 -0.846663 -1.163802 -0.494965 0.108538 
-1.037620 0.496113 -3.063607 0.997874 -0.302436 0.846683 -0.521777 -0.090208 0.538842 1.020539 0.384035 0.000414 -0.249014 0.289786 -0.369316 0.698860 0.454468 -0.104279 0.026601 -0.440580 
0.096859 -2.246016 -0.515516 1.435067 -0.427081 0.119809 -1.324255 -1.043813 -1.353011 0.470053 -0.057525 0.332362 1.416861 1.047644 -1.259393 -0.969139 -0.285485 -0.178522 0.840740 0.064534 
0.229446 2.861031 1.023487 0.773138 -0.716217 -1.192141 0.378834 -0.923341 1.257037 -0.613934 -0.204517 0.286215 0.575775 -0.635758 -0.478176 0.656401 -1.114989 -0.992632 0.940419 0.723525 
-1.423825 0.008756 1.834179 -1.456874 0.177902 -0.041575 -2.324928 -0.326765 -0.832418 -0.066002 0.021805 0.315546 0.777164 1.708780 0.364500 1.831660 0.102865 -1.597484 1.044896 -0.611718 
-1.209355 0.369185 0.738870 0.995385 0.678919 -1.773870 -0.375440 0.165561 0.252367 -0.462217 1.231247 1.768234 0.065238 0.721239 -0.802542 1.276522 0.239436 -0.101532 -0.189248 0.063664 
-0.923020 0.412081 0.247638 -0.193506 1.457684 0.112804 1.434167 1.530795 -1.032542 -1.461793 -0.214520 -0.699698 0.564096 1.058743 1.884576 -0.732522 -0.368041 -0.199575 -0.854081 -0.246849 
-0.984405 1.151725 0.437051 -1.729115 -0.311922 0.274167 0.088877 -1.810662 0.830714 -0.306035 0.142996 -0.139832 1.236414 1.167223 1.228218 -2.550906 0.070941 -0.794946 0.867417 0.501327 
0.718546 -1.195420 0.482200 0.819882 -0.722773 -0.184924 -1.004348 -0.649441 1.293300 -0.918478 0.393067 -0.676983 1.124945 -0.667821 -0.114331 0.534779 -0.963292 0.031260 -0.415148 -0.785253 
0.204428 -0.652591 1.450345 0.474841 -0.383295 -2.108460 0.152990 -1.683572 0.723120 0.412864 0.052169 -1.100063 -1.475189 0.584693 0.864753 1.725294 -0.797635 0.426482 0.575076 2.173757 
-0.066564 -0.804570 0.415720 -1.425942 0.903498 1.158586 -0.570325 -0.281754 -1.202894 -0.665345 -0.771618 0.474084 0.004155 0.625639 0.492526 0.161281 -0.814327 0.057724 0.689821 0.439676 
1.415930 0.140697 1.636388 -0.959648 0.652189 -0.189433 -0.100440 -0.673241 -1.458988 -0.772819 0.289403 -1.525646 -0.872190 -0.377657 -0.756848 -0.556894 -0.958635 0.815518 -0.267024 -0.564557 
-0.749982 -0.007993 0.595962 -0.772632 -1.176095 0.991503 0.014735 -0.820246 -0.006709 0.265444 2.319673 0.253332 1.510490 0.960141 -0.012273 -1.449696 0.410861 0.981584 -2.269191 -1.267129 
0.226932 1.298162 -0.291132 -0.394562 -0.809459 1.460492 1.931030 -0.140486 0.485988 -1.096561 -1.196349 -1.920997 -0.194856 0.036168 -0.366160 -0.331107 -0.769492 -0.769709 -0.472752 0.681939 
-1.993775 0.127716 -3.028242 -0.066067 2.537466 1.132107 -0.824149 -0.498163 0.753771 0.117261 0.146036 0.197204 -0.423255 0.265794 1.287446 -0.722026 0.179095 -0.869175 1.601614 0.378245 
-0.292844 0.925642 -0.207075 -0.940992 -0.565639 0.899919 2.085686 -1.230689 -0.166806 -0.171197 -0.698895 -1.030801 0.578074 0.470712 0.078109 -1.273222 -0.381525 -0.433013 0.819060 -0.445571 
-0.181153 0.202007 -0.517886 -0.895032 0.926341 0.685546 0.341060 -0.465049 -0.397631 0.567273 0.471447 0.801509 -0.254970 2.924729 0.519397 1.378690 -2.158100 -0.398596 0.365805 1.188050 
-0.293883 0.528667 -0.471090 -0.538350 0.691652 -0.040156 -0.127148 -0.778802 1.763933 -1.713525 -1.498005 0.223039 -0.815118 -1.130014 -0.330036 1.134671 0.739662 -1.154589 -1.730373 -0.021667 
-0.764911 0.647526 -0.135500 -0.519576 -0.149949 -0.714738 0.438649 1.173002 0.773337 -0.390059 -0.516381 0.438882 0.023338 -0.346272 -3.339639 1.673770 -0.457673 1.812137 -0.547153 1.578473 
0.240261 -0.239547 1.184419 -0.889186 1.123699 -0.517470 2.313784 1.146921 1.073073 -0.512644 -1.336153 0.685193 -0.673993 1.297903 0.111608 0.055886 -0.420297 -0.219812 -1.622864 -0.043103 
0.987324 -0.835729 0.567067 -0.748157 -0.239719 0.115939 -0.006678 -0.324578 -0.954069 0.946878 -0.976143 0.058429 -0.857670 0.298417 0.996165 1.103008 0.777570 -0.009901 -0.856760 2.063703 
-1.034287 0.345302 -2.707919 -2.062455 -0.731897 0.540298 1.868734 -0.000510 -0.550503 -1.332720 0.180776 -0.584907 -2.015801 -1.151178 0.583169 -0.300243 -0.279202 -0.845014 -0.091641 -2.407301 
0.400072 2.311478 1.360298 0.158928 -0.343855 -0.698225 0.606779 0.115085 -0.336101 -0.093132 -0.186387 1.646956 -0.615275 1.808845 1.297684 -0.094418 -0.198558 2.629835 -1.002053 0.624333 
-0.572787 0.211435 -0.882737 -1.547419 0.261352 -1.502666 0.976101 0.554033 0.491552 0.517048 -0.669456 -0.231755 -0.230192 1.153273 0.074963 0.261415 1.627974 -1.187521 -1.649194 -0.018329 
-0.629162 0.164184 -0.244961 0.628801 -0.544403 -0.452768 -0.958492 0.139622 -0.245249 2.010123 0.537392 0.742158 0.958935 -1.783506 0.453802 -0.971637 0.956225 0.746177 -1.395742 0.353985 
0.944863 1.542628 1.032348 0.592222 1.183889 -0.479763 -0.178083 -1.504907 0.033772 -1.521436 1.267450 0.909718 1.323936 -0.924856 0.138746 0.658953 0.317514 0.205381 -2.675115 0.441247 
1.522078 0.149825 -1.359987 -0.845327 -0.193358 -0.173618 -0.282400 1.345697 -0.567772 -1.115451 -2.553824 2.398203 0.507279 -1.131946 -1.288129 -1.804183 0.295097 0.220572 -1.602644 1.423008 
-2.006798 -0.608926 -1.204084 1.699223 -1.547659 1.152895 -1.443250 -1.328543 0.183924 0.823348 0.007837 -0.985548 0.099462 -0.710681 -1.047669 -0.092924 0.796904 -0.479102 -0.572673 1.286405 
-0.790122 0.942218 1.970491 0.592903 0.852562 0.486511 1.161366 -0.789471 1.704769 0.109029 1.396099 -0.692331 0.210480 -2.393456 1.918485 -1.064986 0.123205 0.628073 2.327006 -0.748594 
0.338199 0.641550 -1.128467 0.599268 -1.393307 0.397969 -1.996780 -0.743451 -0.275917 0.452509 0.313580 -0.609056 -3.123730 0.294402 -0.427822 -0.628089 -0.610845 0.924104 2.291726 -1.164226 
1.369333 0.140167 0.794508 -0.312566 1.922798 0.356361 -0.511617 -0.336798 -2.027985 -0.629453 0.053765 1.367507 -0.711571 0.618876 0.783084 0.132799 -0.331405 0.599086 -1.839946 1.034592 
-0.151900 -3.219840 0.772014 0.819707 0.231417 0.960864 0.895794 -0.692219 -0.560310 -0.459880 0.221025 0.899788 0.795270 -1.025978 0.153057 -0.111168 -0.452283 0.003711 2.791010 1.205255 
0.402166 -0.347208 -0.821998 -0.846669 1.584480 0.152658 -0.799238 1.075642 0.577361 -0.063054 0.402792 1.488242 -0.258051 0.152732 -0.427103 -0.087672 -0.164991 -0.459177 -0.418368 -0.891876 
0.698318 -0.526709 0.223469 -0.151461 -0.770976 1.830279 0.376023 0.408943 0.371812 1.974996 0.076221 -1.159474 0.779466 -0.245126 0.226637 -1.003597 0.439819 0.669092 0.210279 -0.486676 
-1.552123 -1.166994 0.365799 0.957373 0.768408 -0.945654 0.642681 1.421049 0.589238 0.417294 -0.656749 -1.762708 -2.390716 0.551298 -1.132571 1.011951 -0.337791 0.180569 -1.035356 1.058246 
0.557679 -0.281329 0.979058 -1.332036 -1.256696 0.800587 -0.292433 1.671307 0.939612 0.213275 -0.470722 0.191734 -0.212759 0.769196 1.084581 1.807694 -1.244522 -2.167293 -0.906372 1.345136 
-0.139583 -0.465673 1.073673 0.307709 -1.465280 0.803272 0.626444 0.475703 0.704855 0.812157 0.227477 -1.298857 2.127991 -0.311196 -0.500542 -2.292888 0.073559 -1.851939 -1.387338 0.281226 
-1.533138 0.452712 0.158371 0.817673 -0.343703 1.264996 0.595902 -0.432915 1.393176 -0.848336 -0.219241 0.510386 0.549117 -0.477531 0.592458 -0.478913 -0.981597 1.833573 0.017553 -0.011180 
-0.148856 -0.393832 -0.205575 -0.026752 0.201896 -1.222828 -1.060079 1.795461 -0.260785 1.411568 -0.420713 -0.117837 -0.655972 0.537078 -0.640304 1.196066 -0.260531 0.752283 -0.615889 1.570228 
0.058200 1.079819 -0.158553 -2.028278 -1.037405 1.326765 -1.004754 -0.772732 -1.669889 -0.288686 1.179557 -1.567920 0.591249 -0.559702 1.001784 -0.725878 -1.036316 -1.616244 -0.639411 -0.795011 
0.936511 -0.017020 0.297496 0.243063 0.248323 0.199599 -1.757213 -0.524248 -0.273241 -1.638986 0.998146 0.216048 1.080078 -0.212413 -1.128601 0.749698 1.314624 -0.111544 0.620823 -0.872441 
-0.437634 -0.270327 -0.783632 0.993005 -0.906317 1.056490 0.425512 -0.580417 0.852713 0.919851 0.473767 -1.256921 -0.274673 0.253101 -0.361861 -1.303851 -1.478841 -1.403973 0.481196 0.617665 
-1.437458 1.814997 -0.255900 0.094989 -0.908779 -0.503717 1.046418 -0.675159 0.748933 -1.257732 1.150622 -0.615350 -0.148666 0.351929 -0.241135 -1.161187 -0.454905 0.413607 -0.338575 -0.135151 
0.849405 0.463743 -1.225465 0.012395 0.441712 -0.796869 -2.431799 -0.113110 1.029715 0.580847 0.731967 -1.601314 -0.315847 -1.907681 -0.351787 0.621417 -0.100387 -0.252403 -0.414109 -0.325449 
0.645470 -1.089640 0.306949 0.340372 -1.043076 -0.081610 0.292633 -0.670427 -0.684827 -0.488679 -2.731863 0.013366 0.493157 -0.065527 0.909062 -2.472210 0.004602 -0.012707 -1.651087 1.163226 
-0.029884 2.904560 -1.739444 -1.083493 0.401350 0.710252 -0.024178 0.873257 0.105499 1.701223 -1.749322 0.659809 -0.995114 1.204972 -0.874075 0.319984 -0.615972 -0.809592 1.158191 -0.608633 
1.219931 1.315011 0.802832 -1.873149 1.364995 -0.776041 1.044203 0.422676 0.693576 1.949374 1.036855 -1.017564 -1.105199 -0.105481 -1.260078 -1.332414 -0.149115 -2.610426 0.238343 -0.732642 
-0.138279 -1.085921 -1.237051 1.794417 1.164574 1.822970 0.838759 1.796347 -0.839815 0.731491 -1.419960 -1.176320 -1.090025 0.003475 -1.337636 0.079454 0.190077 -0.786781 -0.349217 -1.921766 
-0.409280 -0.092951 -0.209950 -0.555473 0.326875 -1.082490 1.099744 0.767516 0.124789 0.131323 -1.231667 0.295337 -1.940739 -1.036140 0.121278 -1.309005 -0.822991 -1.420567 -1.181885 0.676525 
1.851991 -0.048885 0.864754 0.898711 0.147443 -1.863681 0.355142 1.295330 -2.092260 0.765405 -0.094412 -0.649134 0.840001 1.162093 0.345795 -0.363533 -0.095829 -1.305941 0.474499 0.156866 
1.210016 -0.733259 1.296784 0.024635 -0.046805 1.459725 0.388002 -0.336135 -0.827150 0.655231 -1.775678 -2.356467 0.721086 0.459101 -0.227376 0.017683 -0.658848 0.016460 -0.132502 0.418812 
0.005845 0.173277 -0.723565 -0.507202 1.640374 -0.205718 0.434893 -0.765368 1.413741 1.005490 0.325045 -1.303021 -1.402462 0.059282 -0.107223 1.394299 0.474086 -0.915647 0.379092 -1.581272 
-0.103068 0.879814 -0.150584 -0.193835 -2.552574 0.806507 0.370825 -0.649732 1.429151 -0.757564 -0.235836 -1.010515 0.402815 -0.397839 -0.404118 -1.034005 0.076318 -0.293217 0.987567 0.525023 
-0.495814 -0.176788 1.143268 0.432496 -0.192831 -0.606831 -0.754908 0.582657 -0.676262 -0.287219 -0.421160 -0.415606 0.476337 -0.243708 -1.551795 0.571104 0.593245 1.617782 -1.031488 -0.317956 
0.268880 0.710553 0.270114 -0.472326 0.901576 0.159125 1.198491 -1.080082 0.777686 0.534476 1.103057 0.723033 -0.643234 0.091300 -0.407496 0.229397 1.123573 -1.683691 -0.306489 1.076799 
-1.801804 0.990139 -0.072092 -1.777701 -0.185520 -0.062155 -0.456780 -0.852853 -0.603356 0.081439 -0.486683 -0.949430 -0.366637 1.068994 -0.485956 -1.192221 -0.379607 0.432816 0.938472 -0.368882 
0.167787 1.493128 0.850295 0.855875 1.413847 -0.526786 -0.319234 -1.194591 0.249612 0.868098 2.052725 0.382418 1.227284 1.560722 -0.656651 -1.762996 0.045710 -1.184321 0.348917 0.400537 
0.626989 -1.437314 -1.507536 -0.323086 0.678912 0.790625 -0.287631 -0.384440 -1.614785 -0.568822 -0.208120 0.156278 1.804779 0.864444 -0.910325 -0.747380 -0.445781 1.422224 -1.208443 -2.701293 
0.407637 0.155113 -1.930299 -0.211509 -0.133816 0.326674 0.692578 -0.500877 0.456204 0.177081 -2.037445 -0.647129 -0.535056 1.187880 -1.927615 0.634521 1.884088 -0.325849 1.820747 0.980175 
-0.521382 1.348777 -1.019217 -0.824067 1.463821 1.135475 0.145810 -0.470206 -0.213217 0.444264 -0.333481 2.278350 0.904270 0.124574 -1.272325 -0.454164 1.440103 2.321203 0.294667 0.483893 
-0.841248 -1.181537 -0.127825 1.390456 0.036392 1.172370 -0.279415 -1.629145 0.929745 1.506354 -0.435160 -1.113245 0.652009 -0.810337 -1.215201 0.515406 0.935653 -0.577864 0.218364 -1.194956 
1.057060 -0.616585 -0.198830 -0.046822 0.259159 0.169772 -1.802008 0.369398 1.018218 -0.240601 0.971793 -0.366904 -0.001121 0.286210 1.281127 0.174444 1.239083 -0.376271 0.344530 1.838353 
1.705897 0.239760 0.980653 0.138606 0.651052 0.820734 -0.742679 1.207614 -1.678299 -2.595326 -1.167435 -0.988611 0.750130 -0.161911 -0.278768 -0.398997 -0.562512 -1.071376 0.432293 0.642396 
