12 200 2
-0.394434 -0.060229 0.018986 -0.668742 0.069952 0.066067 0.023110 0.085629 -0.105509 0.026793 0.664498 0.659561  
-0.800153 -0.007091 0.020548 0.382958 0.223370 0.265273 -0.176792 0.032713 -0.189955 0.033075 -0.240241 0.131010  
-0.272912 0.377605 -0.532113 -0.064618 -0.270753 -0.000877 -0.146046 -0.140808 0.728542 0.226583 -0.194944 -0.229951  
-0.352885 0.046123 0.332637 0.555902 0.012515 0.040269 0.026044 -0.014516 0.008716 0.281970 -0.627571 0.056192  
-0.032977 0.038290 0.015567 0.455568 0.727293 0.527880 0.024330 -0.101755 -0.036170 0.376956 0.042167 -0.036913  
-0.046079 0.156815 -0.479255 0.269015 -0.011296 0.093940 0.805714 0.352765 -0.000609 -0.160710 0.443505 0.317024  
-0.060057 0.599638 0.417260 -0.668183 -0.245695 0.151442 0.195571 0.205310 -0.194028 -0.230600 -0.354077 -0.605753  
0.227591 0.257114 0.030513 0.007581 -0.019725 -0.009300 0.086818 0.055991 -0.163951 -0.204551 -0.327674 0.036481  
-0.187743 -0.314992 -0.079988 0.369187 -0.005849 0.129883 0.520788 0.597126 0.046261 0.343313 0.133904 0.528646  
0.305480 0.046145 0.151535 0.096986 -0.010041 0.079865 0.077268 0.566436 -0.013145 0.314630 -0.307414 -0.145753  
0.050460 -0.256398 -0.926249 0.248588 -0.524021 0.130341 0.041068 0.198382 0.425736 -0.253787 0.770788 0.773510  
0.143489 -0.334862 0.423762 -0.119151 0.143494 0.278107 -0.331811 0.027778 0.328630 -0.100270 0.122442 0.463804  
-0.500806 -0.349167 0.215882 -0.068978 0.128537 -0.819170 -0.217232 -0.024116 -0.133111 0.121164 -0.213329 0.064728  
-0.071615 0.342729 0.003535 0.666258 0.831551 0.078349 -0.122327 0.402800 -0.229043 -0.195404 -0.015559 0.454596  
0.218168 0.135924 -0.581106 -0.296695 -0.410473 -0.269351 -0.182658 0.636638 0.459220 -0.503559 -0.657679 -0.482917  
-0.265033 0.583898 0.208546 0.373007 0.006365 -0.001249 -0.033876 0.382821 0.494566 -0.647027 0.013456 -0.001896  
0.151988 -0.554492 -0.542687 -0.162328 0.512499 -0.050171 -0.525308 0.533369 -0.450531 -0.544720 -0.396073 -0.297373  
0.634839 -0.949365 -0.832898 -0.002273 -0.364440 0.047122 -0.159474 0.340611 -0.139414 -0.373125 0.262090 -0.092214  
0.043659 -0.052778 0.625508 0.210678 -0.941109 -0.209780 0.313818 0.033172 -0.279479 0.009057 -0.652478 -0.089307  
0.869284 0.033675 -0.124742 -0.135448 -0.024481 -0.906627 0.368799 0.149242 0.019068 -0.407813 0.153529 0.314391  
0.314270 0.008934 -0.227286 0.001080 0.019636 -0.092149 0.276146 0.037389 -0.275157 0.142478 -0.130916 -0.483865  
-0.160918 0.589591 0.110875 -0.349135 -0.036561 0.554364 -0.017191 -0.061899 -0.384676 0.085956 -0.031431 -0.035880  
0.407469 0.314560 -0.041256 0.115915 0.659679 -0.425386 -0.352253 -0.021143 -0.353269 0.024443 0.044956 -0.251355  
-0.579534 -0.652483 -0.481036 0.074112 -0.704744 0.654015 0.169848 -0.033713 -0.330542 0.132060 -0.787220 -0.017748  
0.654677 -0.071336 -0.565794 -0.434263 0.001090 -0.018014 -0.622734 -0.194420 0.126630 -0.099234 -0.001631 0.001996  
0.138641 0.274206 0.001415 0.505927 -0.614682 -0.163595 0.008320 -0.283421 -0.106316 -0.262864 0.077856 0.272880  
-0.002610 -0.033413 0.148829 -0.668705 0.009058 -0.262255 0.058190 -0.156300 0.627372 -0.427045 -0.119031 0.272481  
0.119929 0.014867 -0.099266 0.436919 0.222197 -0.334558 -0.360055 -0.003243 -0.050843 0.558151 -0.596612 -0.213345  
0.663017 0.098064 -0.159250 0.305160 -0.573939 0.267675 -0.787235 0.205904 0.073117 -0.769436 -0.330678 0.325234  
0.054495 0.034816 -0.010746 -0.046158 -0.175029 0.027654 -0.281752 0.102958 0.629122 -0.343436 -0.623369 -0.847094  
-0.385932 0.215598 -0.065703 0.020291 0.033906 0.216390 -0.280780 0.067977 0.174702 0.439721 -0.011840 0.049889  
-0.711666 -0.104093 -0.131683 -0.548203 -0.261901 -0.024457 -0.218714 0.438106 -0.234423 -0.007411 -0.057178 0.290247  
-0.057384 0.181496 -0.130215 -0.224989 -0.237909 0.676054 0.400196 -0.308449 -0.045781 0.023187 -0.143811 0.365970  
-0.001718 -0.440528 0.616779 0.081451 -0.270469 -0.036276 0.305138 -0.503186 -0.370994 0.308766 0.094963 -0.047789  
-0.274691 -0.247346 0.098613 -0.008536 0.446253 -0.002075 0.201189 -0.019016 0.016174 -0.008676 0.085859 -0.143033  
0.015565 -0.027356 0.436247 -0.016904 -0.188400 0.029484 -0.001894 0.705482 -0.038521 0.622055 -0.029699 0.096754  
0.066752 0.835018 -0.027388 0.053403 -0.111430 0.138034 -0.012394 -0.673200 -0.103893 0.065760 -0.068610 -0.038953  
-0.034208 -0.306957 0.390891 -0.810824 0.134255 0.212386 0.876791 -0.595694 -0.029808 -0.286449 0.328546 -0.014738  
0.548989 0.211236 -0.047737 -0.606642 0.069471 0.090886 0.062810 0.186468 -0.403031 -0.112817 0.006398 0.143298  
-0.035958 -0.144388 0.339785 -0.137053 -0.411501 0.189103 0.064364 -0.073676 0.969153 0.018205 0.024141 0.370767  
-0.106132 0.358422 -0.231361 -0.019943 0.455043 -0.380304 -0.074319 0.149305 -0.098451 -0.016903 0.127035 -0.161218  
0.174609 -0.709055 -0.481193 -0.030693 -0.042799 -0.072999 0.001723 0.083618 -0.174498 0.555645 -0.024154 0.084763  
-0.510105 0.150020 -0.075842 0.075301 0.526239 0.618661 0.598295 0.783818 -0.034737 0.116056 -0.342658 -0.162396  
-0.000505 -0.136576 -0.724085 -0.163934 0.230229 -0.084478 -0.037335 -0.306257 0.051296 -0.829178 0.003104 0.563652  
-0.211127 -0.066667 -0.127644 -0.417164 -0.141141 -0.391518 -0.567874 -0.495004 0.464613 -0.593393 -0.036835 -0.379178  
-0.005554 0.178070 0.092335 0.068159 -0.001189 -0.147108 -0.078248 0.023295 0.202970 0.128324 0.215572 0.171190  
0.026024 -0.100726 0.178704 0.707937 -0.402252 -0.265146 0.026095 0.324483 0.110786 -0.324652 -0.343452 -0.678687  
-0.481708 -0.354276 0.009410 0.388390 0.114010 -0.398699 -0.113351 0.043394 -0.099832 -0.008532 -0.050254 -0.589688  
0.121879 -0.037667 -0.359204 -0.075408 -0.731871 0.247524 0.230568 0.488794 0.004590 0.283992 -0.629382 0.041698  
0.076110 0.246256 -0.004299 0.447644 0.049386 0.058030 -0.000651 0.424870 0.015766 0.638027 0.070674 0.689662  
0.076748 -0.030692 0.076353 -0.053416 0.217256 -0.189123 -0.207715 0.088434 -0.284856 -0.046435 -0.154850 0.206496  
0.546077 0.220235 -0.162476 -0.352884 0.832033 0.681591 0.012056 0.338683 0.194589 0.232752 0.454033 0.687532  
-0.593272 -0.166900 -0.093518 -0.394489 0.726404 -0.132581 0.160995 0.008788 -0.130345 -0.583824 0.703854 -0.003690  
0.532192 0.567643 0.000737 -0.703123 -0.237200 0.299676 -0.425503 0.734581 -0.386192 0.334378 -0.068699 0.041048  
0.684843 -0.259368 0.017736 0.253487 -0.027330 0.257231 0.518938 0.243702 -0.078868 0.136900 -0.347002 0.042969  
0.773942 0.050808 0.442175 0.214585 0.304893 -0.200168 -0.176773 0.456568 -0.037571 0.221712 -0.263761 0.054214  
0.329684 -0.511820 -0.003629 -0.126583 -0.084646 0.591747 0.078367 0.375048 0.161409 -0.311921 0.344371 0.012388  
0.360895 -0.288266 -0.117095 0.192336 0.013223 -0.067867 0.135302 -0.573020 -0.167895 0.197307 0.215942 -0.111331  
-0.006584 0.005974 -0.544641 0.122127 0.415059 0.323010 0.296585 -0.410345 -0.074781 -0.409736 -0.016783 -0.104006  
0.119227 0.127270 -0.448258 0.103558 0.256696 0.422220 0.003462 0.603072 0.395590 -0.057970 0.533573 0.194856  
0.194607 -0.619390 -0.028011 -0.109558 -0.501068 -0.069483 0.281768 -0.475791 -0.332335 0.838731 -0.232284 -0.140550  
-0.041323 -0.009440 -0.581569 -0.406189 -0.728874 0.134231 -0.022832 0.110009 0.222569 -0.236450 0.131698 0.562214  
0.144720 -0.086059 0.293107 -0.083873 -0.065335 0.037177 0.101680 0.119189 -0.655795 0.615024 0.309766 0.029191  
-0.146970 0.063968 -0.522673 0.051342 0.591919 -0.062968 0.031126 0.297135 0.129987 0.190675 -0.251536 0.386771  
0.367109 0.327682 -0.243686 0.500159 0.165370 -0.042594 -0.443033 0.794059 0.251314 0.018677 -0.005514 0.102525  
-0.026999 0.349028 0.376346 0.193767 -0.579622 0.090923 -0.082994 0.799979 0.148294 -0.002403 0.332574 -0.011486  
0.706977 -0.620899 0.049806 -0.499554 0.007280 0.878261 -0.211136 0.592555 0.149130 -0.696451 -0.618199 0.333452  
-0.334727 -0.335879 0.876368 -0.194504 -0.106424 0.052622 -0.068617 -0.635187 0.324759 -0.622662 0.308816 0.103658  
-0.545095 -0.007204 0.338523 0.148468 0.052534 -0.633773 0.156258 -0.162396 -0.163852 -0.053421 0.820285 -0.130666  
-0.250390 0.318917 0.086689 -0.403228 0.186331 -0.182747 0.043562 0.167693 -0.383695 -0.221546 -0.380329 0.003588  
0.684935 -0.368728 -0.741041 -0.067768 0.332264 -0.089968 0.418663 -0.165089 0.210094 0.181273 -0.191583 -0.011429  
0.355534 -0.014704 -0.143072 -0.066328 -0.328595 0.248929 0.084618 -0.424889 -0.064992 -0.667271 -0.592896 -0.256361  
-0.608202 0.029700 0.307038 -0.199661 -0.887761 0.000179 -0.088126 0.280261 -0.154851 0.087991 -0.219914 -0.028430  
-0.498097 0.478906 0.484209 -0.468095 0.349526 0.122849 0.518970 0.485236 0.040321 0.319075 -0.032449 0.018479  
-0.049114 0.003686 0.343572 -0.054126 -0.150395 0.220106 0.306711 0.097244 0.105214 0.217448 -0.405466 0.160727  
-0.141596 -0.013113 -0.079235 -0.378712 0.230893 -0.041500 -0.116142 -0.006424 0.012951 0.271449 -0.054082 0.118925  
-0.485127 -0.108321 -0.216173 0.112532 -0.118642 -0.313858 0.610658 0.018976 -0.411371 0.011365 -0.198378 -0.042339  
0.166350 -0.444150 0.488194 0.242546 0.341576 0.138125 -0.060997 -0.238540 -0.190612 0.203314 -0.200072 -0.250434  
-0.321448 -0.162360 0.148134 -0.417177 0.280790 0.003282 0.331684 0.543691 -0.206617 0.299146 -0.624939 -0.247985  
0.040006 -0.012006 -0.156089 -0.155798 -0.234676 -0.383226 -0.431009 -0.013968 -0.096159 0.209425 0.249120 -0.373849  
-0.340096 0.298919 0.519578 0.112149 0.346681 -0.401585 -0.525103 0.054258 -0.368570 -0.152308 0.559961 0.253306  
-0.178606 -0.085792 -0.168796 -0.092828 -0.230429 -0.011744 0.213129 -0.433136 0.007091 0.440836 0.281874 -0.066263  
-0.067755 -0.059395 0.392238 -0.046806 -0.086584 0.332173 -0.165860 0.805207 0.226904 0.353605 0.575859 -0.145208  
-0.196725 0.127729 0.820019 -0.001097 0.293364 0.047809 0.209283 -0.449615 0.316178 -0.415823 -0.275360 0.000124  
0.002019 0.346501 -0.573340 -0.048522 -0.499527 -0.020615 -0.358619 -0.142469 -0.299586 0.159931 0.031140 -0.348397  
-0.118432 -0.165754 -0.260568 -0.029836 0.141732 0.121647 0.356421 0.207258 0.018449 -0.006781 0.125211 0.277305  
0.365919 0.249470 0.045376 -0.162528 -0.234538 -0.324405 -0.048674 -0.167185 0.023939 0.530801 0.288551 0.450957  
0.074582 -0.609580 0.010687 0.178879 -0.800546 -0.138030 -0.004882 -0.279270 0.095113 0.010494 0.735789 -0.206013  
0.030211 -0.266132 0.339418 0.004515 -0.095196 0.033595 -0.011990 0.134743 0.307905 -0.065946 -0.151345 0.193874  
0.309157 0.065820 0.244721 -0.207824 0.135867 0.023712 0.618190 -0.046562 -0.070431 0.108537 -0.160367 0.031628  
0.227298 0.061488 -0.728906 -0.120630 -0.126249 0.452362 0.334460 0.234258 -0.090354 0.013980 0.070298 -0.328604  
0.238251 -0.023693 0.075937 -0.938041 0.007326 0.095738 -0.834640 0.037297 -0.045196 -0.069407 0.915660 0.096378  
-0.096739 0.321822 0.077877 -0.011200 0.039183 0.394386 0.069276 -0.404823 -0.205617 -0.068158 0.333211 -0.007274  
-0.368588 0.030833 0.007091 -0.017777 0.219385 0.077449 -0.677219 -0.630424 0.532847 0.132462 -0.549318 -0.444222  
-0.001744 0.206736 0.451225 -0.249733 -0.049657 -0.496160 0.009020 -0.294235 -0.009514 -0.000424 0.002800 0.293160  
-0.132837 0.193369 -0.063166 -0.407312 -0.107343 0.001092 0.378155 -0.227172 -0.395236 0.067544 0.320284 0.004627  
-0.779533 -0.133795 -0.120505 0.188973 -0.152765 -0.010478 -0.187163 0.767910 0.542372 -0.286894 0.652357 0.596299  
0.568395 -0.012676 0.359953 -0.316080 0.618581 -0.106308 -0.042340 0.111051 0.046477 0.202714 -0.219244 -0.283472  
-0.261655 -0.160341 -0.173118 -0.179889 -0.064766 -0.048100 -0.305829 0.258498 0.032666 0.048919 0.056233 -0.498527  
-0.021480 0.112139 0.680744 -0.061400 -0.594512 0.740473 0.759217 0.101623 0.217403 -0.349243 -0.566786 0.116709  
0.121053 0.279110 0.569546 0.171858 -0.107534 -0.159211 -0.006196 0.028466 0.548619 0.072789 -0.011602 -0.446398  
0.576046 0.145918 0.167561 0.170881 0.103762 -0.452244 -0.345213 -0.412668 -0.291582 -0.198280 -0.093760 0.603705  
0.346863 -0.076187 0.434283 -0.205723 0.158307 -0.258635 0.168097 -0.132273 -0.334008 -0.014937 -0.003639 -0.015296  
0.117251 -0.302409 -0.132062 -0.514969 -0.173070 -0.776188 0.027700 0.156542 -0.116915 -0.013690 -0.008763 0.044045  
-0.031588 -0.290640 -0.151913 -0.040973 -0.052354 -0.137351 -0.490562 -0.129840 -0.638043 0.369212 -0.486592 0.493116  
0.007162 -0.490081 -0.057086 0.048335 0.722897 0.724010 -0.470540 0.019123 -0.097473 -0.050880 -0.041722 -0.181345  
-0.134747 0.058170 -0.017790 -0.389724 -0.810623 0.451646 0.190504 0.156430 -0.146277 0.167345 0.024661 -0.068507  
-0.019500 -0.176379 -0.877219 -0.328803 -0.084421 -0.166016 -0.014854 -0.156807 0.277566 -0.430778 -0.144630 0.628159  
-0.057124 0.168979 0.001557 0.061144 -0.038455 -0.397297 0.129909 0.413007 0.120484 0.134468 0.505964 0.284217  
0.188080 0.117970 -0.459447 0.138470 0.108006 -0.519130 0.529305 0.168685 -0.078453 0.011801 -0.015596 0.159655  
-0.004694 -0.050311 -0.097708 0.012005 -0.227261 -0.001799 -0.334820 -0.079493 -0.551342 -0.316769 0.392062 -0.645204  
0.301711 0.197603 -0.559682 -0.152278 -0.098257 0.060231 -0.773017 -0.369205 -0.159548 -0.147277 -0.050109 0.085758  
0.058392 0.120988 0.677060 -0.251959 0.128154 0.924625 -0.197216 -0.101118 -0.150744 -0.721892 -0.449455 -0.416894  
0.341416 0.332681 -0.135622 0.092408 0.436003 0.146102 -0.451757 -0.645244 0.024412 0.006986 -0.046946 -0.366176  
-0.119188 0.364485 0.299213 0.067323 0.045443 0.114886 -0.074025 0.287571 0.628204 0.015556 0.047955 0.111167  
0.027724 -0.461106 -0.029592 0.413319 -0.559122 0.530529 -0.320560 -0.019002 0.459727 -0.021414 0.094702 0.387854  
0.159795 0.154797 -0.017841 0.225637 -0.215974 -0.233381 0.399823 -0.363119 0.449359 -0.233406 -0.026480 -0.013067  
-0.047737 0.028533 0.061052 0.225706 -0.484230 -0.121086 -0.065851 -0.197435 -0.017189 0.034375 -0.000020 0.743134  
0.643946 0.559711 0.015288 -0.428567 -0.064349 -0.096627 0.149588 0.135590 0.045124 -0.120514 0.198998 0.673484  
-0.326551 0.019671 -0.061761 0.633040 0.319298 0.178373 0.296126 0.292676 -0.644822 -0.009837 -0.080626 -0.390743  
0.157086 -0.176652 -0.021412 0.087270 -0.111284 -0.084182 -0.069857 0.076985 0.005270 -0.025335 -0.093177 0.190580  
-0.267448 -0.175998 0.132855 -0.029869 0.088657 0.505397 0.034748 -0.014862 0.514747 -0.000826 0.224931 0.056239  
-0.218115 -0.332160 0.113276 0.100210 -0.461719 -0.226323 -0.249576 -0.057029 -0.444174 -0.128859 -0.355981 0.128238  
-0.547827 -0.234247 0.014116 -0.136959 -0.071934 -0.174009 0.697125 -0.198833 -0.175788 -0.102018 0.202914 -0.504455  
0.001890 0.277824 0.310150 -0.010186 -0.213048 -0.125956 0.157366 -0.586433 0.159713 -0.010179 -0.351171 0.482510  
0.246161 0.221550 -0.112770 0.424058 -0.203483 -0.096689 0.093584 -0.182875 0.420927 0.568705 -0.263612 -0.075598  
-0.694621 0.057858 0.032768 0.275311 -0.012014 0.134948 0.115102 0.182359 -0.425067 -0.575446 0.251172 0.440777  
0.354657 0.326063 -0.312058 0.240114 -0.854904 -0.033180 0.627323 0.262339 -0.222739 -0.025595 -0.020047 0.333042  
0.203016 0.271484 0.012483 0.599240 0.027472 0.149588 0.186641 0.008008 0.256391 -0.415039 -0.338907 -0.075736  
-0.436357 0.066562 -0.229908 -0.014883 -0.166000 -0.580161 -0.015707 0.192191 -0.151641 -0.105221 0.058804 -0.065920  
-0.171228 -0.333149 -0.497746 0.222848 0.392714 0.792839 0.381611 0.044915 -0.098706 -0.471789 0.188270 -0.285473  
-0.145576 -0.494343 -0.723265 0.001569 -0.014352 -0.044993 0.215562 -0.086372 -0.274319 -0.381741 0.144457 -0.011593  
-0.510610 0.028312 -0.151907 -0.034176 -0.258699 -0.060562 -0.020822 0.742876 -0.043821 0.113614 -0.001545 -0.680203  
-0.064617 -0.189595 -0.039763 -0.290258 0.872848 0.448887 0.336453 -0.171661 -0.488797 -0.050244 0.041384 -0.457264  
-0.015944 -0.319465 -0.499623 -0.291694 0.229200 0.583012 -0.664600 0.178755 -0.208545 0.640301 0.116245 -0.243440  
0.102104 0.552613 -0.022400 -0.002786 0.787278 0.459712 0.578924 -0.361047 -0.057979 -0.089108 0.038849 -0.293969  
-0.046284 -0.121282 0.009810 0.636793 -0.250308 0.339052 -0.001614 0.159264 -0.743910 0.008358 0.035705 0.078424  
0.004242 -0.037980 -0.729057 -0.456378 -0.766363 -0.378761 0.406183 0.237960 -0.244603 0.069162 -0.003569 -0.185035  
0.082273 -0.503653 0.040049 -0.110781 -0.624065 -0.349414 -0.138178 -0.367306 -0.352952 0.114555 -0.040954 -0.165304  
-0.358286 -0.583885 0.167531 0.650807 -0.140459 -0.346047 0.501207 0.421845 0.309755 0.689122 0.462997 0.006328  
-0.012204 0.359621 0.643816 0.234456 -0.567814 0.311097 -0.225543 0.118744 0.288841 -0.222758 0.420739 -0.271199  
0.397101 0.711107 0.012684 -0.397842 -0.164771 -0.439427 -0.002146 -0.368252 -0.087334 0.072576 -0.575383 -0.105226  
0.141668 0.498337 -0.208239 0.224578 0.596435 -0.362140 0.245847 0.632163 0.341241 -0.019917 0.051687 0.444941  
-0.646318 0.020458 -0.032976 -0.000814 -0.010312 -0.345411 -0.153078 -0.009755 0.455004 0.062570 0.120583 -0.363751  
-0.887382 0.197664 0.000241 -0.321282 -0.552768 0.145668 0.112368 -0.363460 0.120969 -0.358934 0.008981 0.004669  
-0.674159 0.257324 0.173336 0.066046 0.587822 -0.149511 0.074754 0.305597 -0.195205 -0.238632 0.403952 -0.043983  
-0.015964 0.228188 -0.393837 -0.293912 0.050251 0.281539 0.005026 -0.299383 0.423989 0.001960 0.168095 0.303385  
0.296859 0.003156 -0.080118 0.752718 0.072420 0.340466 -0.611436 -0.559846 -0.091880 -0.829964 -0.365311 -0.081816  
0.034197 -0.685566 0.106478 -0.030733 -0.018064 -0.085796 0.811760 -0.039583 -0.024705 0.026172 -0.571040 0.194896  
-0.004083 -0.270988 0.252049 0.868139 0.327456 0.352543 -0.278652 0.091089 -0.213443 -0.401236 0.288982 -0.131078  
0.018040 -0.635631 0.026264 -0.026280 -0.594356 0.139556 0.577212 0.576169 0.014834 0.045424 -0.235090 -0.017320  
-0.288942 -0.381008 0.090168 0.561756 0.087431 0.039184 -0.000713 0.024549 0.072965 0.603253 -0.305756 0.020659  
0.006214 0.052392 0.249738 -0.013059 0.345930 -0.072216 0.141922 0.502125 -0.042584 -0.627075 0.146136 0.141850  
0.545146 0.187456 -0.009983 0.017182 0.017168 0.212416 -0.689459 0.308753 0.073669 0.291744 0.168677 -0.085410  
0.370697 -0.103225 0.146936 -0.535812 0.557157 0.019829 -0.079444 -0.661372 0.867034 -0.290190 0.696362 0.828989  
0.883789 -0.005245 0.109853 -0.087775 0.090750 0.327935 -0.603684 0.472053 0.464077 -0.057428 -0.265731 -0.455359  
-0.113669 0.000024 -0.135151 -0.331343 -0.812587 0.036633 -0.042183 -0.143107 0.354701 0.100346 -0.434559 0.210720  
-0.158607 0.061557 -0.285577 -0.165595 0.543174 -0.652552 -0.580151 -0.344979 -0.644542 0.015159 0.111562 -0.300154  
0.395450 0.217896 -0.108682 -0.015400 -0.098801 -0.106624 0.491315 -0.348565 -0.120477 -0.310460 0.161168 0.083314  
-0.225619 -0.021824 -0.272624 0.251692 -0.320263 -0.395165 0.197124 0.018593 0.146433 -0.330453 -0.256738 0.063489  
0.113579 -0.116748 -0.301575 0.821617 0.754295 -0.216298 0.542560 -0.273317 0.050437 -0.005526 0.228049 -0.721084  
0.072333 0.000552 -0.275786 0.003350 -0.003686 0.834435 0.578152 0.036683 -0.059951 0.070606 0.637744 0.234054  
-0.781315 -0.601263 -0.314566 0.228632 -0.215875 -0.255588 -0.580718 -0.381337 0.354724 0.006990 0.057472 0.227556  
0.017939 0.292454 -0.526739 0.083953 0.454528 0.431553 0.463778 0.569705 0.452166 -0.398301 -0.002688 -0.086341  
-0.588843 -0.001664 0.008303 -0.165799 0.015068 -0.033918 -0.289901 -0.342613 -0.062745 -0.454424 -0.407466 -0.322846  
0.653060 -0.144382 0.269802 0.348994 0.537449 -0.243066 -0.049246 -0.083756 0.015850 0.064107 0.020208 0.014592  
0.030153 -0.030190 0.057032 0.498981 0.194956 0.104356 -0.037008 0.039917 -0.043143 -0.484922 -0.025133 0.002945  
0.094144 0.712731 0.469889 -0.052107 -0.012992 0.647969 -0.157092 -0.038898 -0.355817 0.034611 0.164164 -0.166466  
-0.275949 0.004286 0.089226 0.629607 -0.348511 -0.041225 -0.021412 0.003043 -0.019559 0.571286 -0.285702 0.126321  
-0.508624 -0.430001 0.282768 -0.051673 -0.185532 -0.069277 0.258845 -0.002445 -0.129273 -0.381996 -0.019006 0.346794  
-0.116797 0.273217 -0.153149 -0.250716 -0.167803 -0.031062 -0.700073 0.002315 0.471986 -0.054298 -0.176389 -0.050018  
-0.229556 0.032687 -0.166821 0.196218 0.240793 -0.329267 0.733832 -0.264151 0.019049 0.388997 -0.060744 0.617332  
-0.410617 -0.171121 0.072872 -0.270374 -0.569652 -0.079318 0.148784 0.518780 0.280778 -0.106442 -0.119803 0.071036  
-0.377522 0.351924 -0.017529 0.369180 -0.278691 -0.111592 -0.431777 -0.478265 0.315836 -0.038674 -0.633756 -0.081163  
0.034093 0.069988 -0.011491 -0.018761 0.172509 0.412637 -0.105792 -0.158241 -0.084298 0.192998 0.110478 -0.064949  
-0.586572 0.008905 -0.034369 -0.077827 -0.416160 -0.168657 0.086433 0.423413 0.022411 -0.012806 0.042089 0.414548  
0.182793 -0.562690 -0.130795 0.002834 -0.320350 -0.623760 0.704431 0.229231 -0.239016 -0.255342 0.792128 0.172315  
-0.415129 -0.086981 -0.740204 0.142486 -0.097700 -0.015930 0.063051 -0.081463 0.190576 0.124418 -0.212059 0.166995  
-0.662075 -0.592395 0.018337 0.020520 0.025365 0.279994 -0.316724 -0.186503 -0.517631 0.201313 -0.116872 -0.684632  
0.346774 0.013480 -0.053173 -0.047267 0.525035 -0.460674 0.469621 0.000760 0.056014 0.393919 -0.118922 -0.375490  
0.333568 -0.238258 -0.077109 0.533162 -0.499470 -0.037139 0.308452 -0.128611 -0.091747 0.542283 0.124239 0.601744  
0.194970 -0.506952 0.058972 -0.095377 0.169829 0.011946 -0.005778 0.240312 0.514312 0.341386 0.353804 -0.308204  
0.418954 0.620173 0.118937 0.058056 0.561446 -0.101005 0.228878 0.072566 -0.178397 -0.128722 -0.604089 0.094278  
-0.193020 -0.288128 -0.017973 0.029514 0.023445 -0.169733 -0.316979 0.331772 0.226152 0.273960 0.574376 -0.515352  
-0.168633 0.588227 0.003827 0.216865 -0.202874 0.198237 0.178030 0.168081 0.003676 0.126940 0.021307 0.096153  
0.031545 0.157538 0.338421 0.090037 0.045986 -0.372117 0.556137 -0.106905 0.063134 0.075061 0.064255 -0.274112  
0.503263 0.098620 0.569481 -0.054191 -0.158116 0.468358 -0.022128 0.506742 0.263357 0.634418 0.400465 -0.264242  
-0.505347 0.927165 -0.303055 -0.210684 0.258045 0.340308 0.368103 0.218741 -0.277609 -0.458569 -0.119356 0.724225  
0.325676 0.158475 -0.151302 0.730404 -0.675215 -0.572753 0.006860 0.321701 0.282393 -0.306594 0.372450 0.110207  
0.037495 -0.039999 0.579589 -0.169704 -0.055024 0.013196 -0.051365 -0.231147 -0.168892 0.940296 0.167205 0.006981  
0.375643 0.273211 -0.040052 -0.499546 0.330824 0.111367 0.728081 0.029829 0.274372 -0.546855 -0.045603 -0.050626  
0.174436 0.032058 -0.069287 -0.324361 -0.121134 -0.122062 0.203315 0.130794 -0.112763 0.081098 0.337777 -0.911552  
0.054288 -0.488390 -0.917895 0.028740 -0.058136 0.301676 -0.108911 0.076134 -0.301009 -0.225907 0.307566 -0.474349  
-0.435245 -0.439906 0.036394 0.252374 0.057315 -0.062422 -0.561685 -0.001414 -0.158970 0.163395 0.436010 -0.199282  
-0.116257 -0.354008 0.137021 -0.003027 0.305323 0.026896 0.286609 -0.124234 -0.247926 -0.061365 0.426374 -0.233380  
-0.234335 0.107312 -0.692657 -0.013324 -0.066951 0.302812 -0.000050 0.063662 -0.226893 -0.048157 -0.057633 0.929767  
0.425264 0.432447 0.037170 -0.204753 0.539018 0.185859 -0.501747 -0.401154 -0.461349 0.016579 -0.217950 -0.271862  
-0.087745 -0.293874 0.008115 0.023944 -0.500303 -0.170221 0.088890 0.614014 0.407050 0.211750 0.120078 0.009545  
0.575988 -0.738022 0.243143 -0.194389 0.014050 0.690242 0.034763 -0.104735 -0.010094 0.254162 -0.031164 0.158171  
-0.491790 0.033947 0.116586 -0.268993 -0.149413 0.261330 0.051121 -0.669768 0.133073 -0.116498 0.033359 0.128067  
